Random Generated Graph :
0: 16, 2, 14, 7, 9, 1, 18
1: 10, 7, 5, 3, 0, 16, 9, 18
2: 14, 16, 13, 9, 1, 17
3: 8, 15, 2, 11, 9, 19, 13, 10, 16, 5
4: 3, 15, 2
5: 12, 3, 1, 9, 10, 2, 15, 6
6: 19, 17, 18, 12, 16
7: 9, 2, 13, 18, 8, 11, 14, 6, 15
8: 16, 3, 19, 12, 10, 0, 14, 18
9: 7, 0, 4, 6, 19, 16, 18, 8
10: 16, 5, 9, 8, 17, 7
11: 19, 4, 2, 12, 14, 0
12: 8, 1, 6, 11, 9, 18, 10, 14, 19, 16, 4
13: 11, 6, 15, 16, 18, 14
14: 9, 8, 10, 1, 18, 6, 13, 15, 0
15: 1, 2, 19, 12, 18, 7, 17, 9, 14, 16, 10
16: 3, 6, 18, 4, 5, 10, 9
17: 18, 5, 15, 2, 11, 3, 13, 10
18: 4, 8, 14, 15, 6, 12, 19
19: 14, 6, 5, 1, 16, 18, 4, 8, 0

Analysis Results :
size: 20, 152
average_degree: 7.6
top_5_highest_degrees: 9, 9, 10, 11, 11
top_5_lowest_degrees: 3, 5, 6, 6, 6
in_degrees: 10, 8, 6, 6, 8, 6, 9, 8, 9, 5
out_degrees: 9, 9, 10, 11, 11, 3, 5, 6, 6, 6
degree_counts: {7: 3, 8: 5, 6: 4, 10: 1, 3: 1, 5: 1, 9: 3, 11: 2}
in_degree_counts: {10: 1, 8: 3, 6: 3, 9: 2, 5: 1}
out_degree_counts: {9: 2, 10: 1, 11: 2, 3: 1, 5: 1, 6: 3}
graph_is: The graph is cyclic.
sum_of_in_degrees: 75
sum_of_out_degrees: 76
