Random Generated Graph :
0: 13, 6, 14, 16, 7, 17, 12
1: 12, 13, 10, 15, 9, 8, 6, 5, 19
2: 14, 12, 0, 8, 13, 10
3: 7, 19, 15, 14, 10, 0, 6, 11, 2, 18
4: 19, 14, 11, 8, 15, 10, 3, 6, 5, 0, 2
5: 6, 18, 17, 3, 0, 10, 1
6: 2, 14, 11, 16, 13, 12, 19, 17
7: 8, 0, 12, 14, 5, 10, 16
8: 1, 4, 10, 9, 18, 19, 11, 13, 5, 7
9: 8, 16, 19, 13, 7
10: 4, 17, 18, 6, 19, 13, 3
11: 4, 18, 19, 15, 16
12: 15, 2, 8, 18, 10, 19, 0
13: 12, 2, 18, 14, 17, 4, 19, 6, 9
14: 13, 1, 4, 0, 8, 9, 19
15: 0, 12, 14, 10, 2, 4, 17, 1, 6
16: 19, 14, 3, 10, 1, 7
17: 3, 19, 4, 1, 13, 12
18: 12, 1, 19, 9, 5, 17, 16, 0, 2, 6
19: 9, 15, 17, 4, 1, 18

Analysis Results :
size: 20, 152
average_degree: 7.6
top_5_highest_degrees: 9, 10, 10, 10, 11
top_5_lowest_degrees: 5, 5, 6, 6, 6
in_degrees: 6, 5, 7, 8, 8, 6, 4, 7, 6, 8
out_degrees: 9, 10, 10, 10, 11, 5, 5, 6, 6, 6
degree_counts: {7: 6, 9: 3, 6: 4, 10: 3, 11: 1, 8: 1, 5: 2}
in_degree_counts: {6: 3, 5: 1, 7: 2, 8: 3, 4: 1}
out_degree_counts: {9: 1, 10: 3, 11: 1, 5: 2, 6: 3}
graph_is: The graph is cyclic.
sum_of_in_degrees: 65
sum_of_out_degrees: 78
