Random Generated Graph :
0: 12, 18, 4, 1, 2, 11
1: 3, 15, 16, 12, 9, 6, 14
2: 5, 13, 12, 15, 3, 9, 8
3: 17, 16, 5, 0, 1, 8, 15, 6, 10
4: 8, 3, 11, 18, 7, 9, 5, 0, 1, 10, 16
5: 7, 8, 17, 2, 9, 14, 0, 1, 16, 13, 12, 11
6: 17, 18, 15, 5, 19, 12
7: 9, 8, 10, 0, 3
8: 6, 1, 16, 3, 17, 5
9: 0, 6, 10, 18, 14, 4, 1, 19
10: 0, 5, 7, 15, 3, 11
11: 12, 7, 2, 5, 10, 15, 18, 4
12: 8, 2, 14, 10, 13, 3, 15, 18, 19, 6, 17
13: 6, 8, 14, 7, 1, 0, 16, 3
14: 0, 12, 10, 16, 18, 11
15: 2, 18, 16, 3, 13, 19
16: 14, 10, 3, 11, 9, 5
17: 18, 15, 16, 4, 0, 10, 1
18: 3, 2, 17, 11, 4, 0, 5, 16, 6, 8, 7
19: 3, 2, 10, 14, 7, 18

Analysis Results :
size: 20, 152
average_degree: 7.6
top_5_highest_degrees: 9, 11, 11, 11, 12
top_5_lowest_degrees: 5, 6, 6, 6, 6
in_degrees: 12, 5, 7, 10, 9, 7, 10, 7, 8, 10
out_degrees: 9, 11, 11, 11, 12, 5, 6, 6, 6, 6
degree_counts: {6: 8, 7: 3, 9: 1, 11: 3, 12: 1, 5: 1, 8: 3}
in_degree_counts: {12: 1, 5: 1, 7: 3, 10: 3, 9: 1, 8: 1}
out_degree_counts: {9: 1, 11: 3, 12: 1, 5: 1, 6: 4}
graph_is: The graph is cyclic.
sum_of_in_degrees: 85
sum_of_out_degrees: 83
