Random Generated Graph :
0: 15, 4, 14, 7, 2, 18, 17, 1
1: 0, 19, 10, 6, 4, 3, 14, 17
2: 13, 8, 4, 3, 11, 6, 5, 10, 9, 1, 18
3: 19, 15, 8, 7, 6, 9
4: 14, 16, 2, 3, 12
5: 1, 8, 13, 4, 12
6: 13, 8, 15, 2, 16
7: 17, 19, 12, 14, 1, 9, 3
8: 0, 5, 9, 19, 4, 10, 12, 14, 6, 18
9: 2, 1, 4, 6, 16, 13, 5
10: 4, 5, 6, 18, 8, 3, 12, 0
11: 17, 5, 7, 6, 4, 13, 18, 9, 19, 3
12: 2, 7, 11, 14, 5
13: 6, 14, 18, 3, 12, 16, 19, 7
14: 0, 9, 11, 6, 10, 1, 17, 7, 8
15: 3, 4, 19, 5, 12, 14
16: 17, 12, 18, 10, 3, 15, 14, 7, 2, 9, 0
17: 10, 8, 0, 19, 5, 12, 13
18: 7, 11, 8, 3, 4, 6, 19, 16
19: 17, 7, 2, 5, 12, 18, 6, 4

Analysis Results :
size: 20, 152
average_degree: 7.6
top_5_highest_degrees: 9, 10, 10, 11, 11
top_5_lowest_degrees: 5, 5, 5, 5, 6
in_degrees: 9, 8, 4, 7, 5, 11, 9, 11, 10, 10
out_degrees: 9, 10, 10, 11, 11, 5, 5, 5, 5, 6
degree_counts: {8: 6, 11: 2, 6: 2, 5: 4, 7: 3, 10: 2, 9: 1}
in_degree_counts: {9: 2, 8: 1, 4: 1, 7: 1, 5: 1, 11: 2, 10: 2}
out_degree_counts: {9: 1, 10: 2, 11: 2, 5: 4, 6: 1}
graph_is: The graph is cyclic.
sum_of_in_degrees: 84
sum_of_out_degrees: 77
