Random Generated Graph :
0: 13, 2, 12, 14, 17, 5, 7
1: 12, 8, 17, 15, 0, 16, 18, 14
2: 18, 10, 1, 13, 3, 8, 17
3: 18, 4, 12, 8, 13, 7
4: 18, 0, 7, 11, 3, 2, 15, 13
5: 17, 16, 15, 7, 4, 6
6: 3, 9, 0, 7, 18, 11, 4, 16
7: 2, 11, 10, 8, 13, 12, 3, 9
8: 14, 10, 3, 16
9: 2, 11, 13, 14, 19
10: 17, 5, 0, 3, 1, 15, 12, 11, 4, 19
11: 2, 3, 5, 16, 9, 6, 8, 7, 4
12: 1, 3, 18, 7, 19, 4, 8, 11, 17, 0
13: 17, 5, 16, 4, 18, 14, 1, 0, 8
14: 1, 5, 15, 6, 0, 18, 8
15: 19, 3, 4, 10, 7
16: 7, 2, 8, 3, 19, 12, 0, 15, 13, 17, 6, 1
17: 9, 5, 0, 2, 14, 3, 8, 15, 18
18: 5, 8, 11, 4, 6, 0, 14, 12
19: 15, 13, 6, 0, 14, 18

Analysis Results :
size: 20, 152
average_degree: 7.6
top_5_highest_degrees: 9, 9, 10, 10, 12
top_5_lowest_degrees: 4, 5, 5, 6, 6
in_degrees: 8, 8, 4, 7, 6, 11, 4, 8, 11, 7
out_degrees: 9, 9, 10, 10, 12, 4, 5, 5, 6, 6
degree_counts: {7: 3, 8: 5, 6: 3, 4: 1, 5: 2, 10: 2, 9: 3, 12: 1}
in_degree_counts: {8: 3, 4: 2, 7: 2, 6: 1, 11: 2}
out_degree_counts: {9: 2, 10: 2, 12: 1, 4: 1, 5: 2, 6: 2}
graph_is: The graph is cyclic.
sum_of_in_degrees: 74
sum_of_out_degrees: 76
