Random Generated Graph :
0: 2, 16, 5, 18, 9, 10
1: 16, 18, 5, 8, 12, 2, 11, 17, 19, 4
2: 12, 16, 3, 0, 6, 5, 9
3: 15, 11, 13, 0, 18, 17
4: 7, 5, 6, 0, 17, 16, 12, 14
5: 10
6: 8, 7, 5, 1, 2, 18, 19
7: 9, 2, 19, 8, 13, 15
8: 13, 12, 3, 15, 18, 5, 2, 7
9: 3, 14, 15, 13, 8, 10
10: 9, 17, 18, 19, 2, 8, 15
11: 3, 13, 15, 19, 8
12: 14, 5, 16, 18, 9, 15, 19, 8
13: 6, 17, 0, 16, 5, 4, 18, 10, 3, 12
14: 7, 19, 16, 12, 5, 8, 3, 6, 10, 1, 11, 2, 15, 9
15: 6, 1, 18, 3, 2, 7, 4, 12, 19, 10, 13
16: 14, 8, 9, 18, 17, 6, 11, 5, 3, 15
17: 16, 9, 1, 12, 19, 10, 5, 14
18: 19, 3, 14, 17, 13, 11
19: 18, 4, 12, 14, 7, 10, 8, 15

Analysis Results :
size: 20, 152
average_degree: 7.6
top_5_highest_degrees: 10, 10, 10, 11, 14
top_5_lowest_degrees: 1, 5, 6, 6, 6
in_degrees: 4, 7, 8, 10, 7, 11, 5, 4, 9, 6
out_degrees: 10, 10, 10, 11, 14, 1, 5, 6, 6, 6
degree_counts: {6: 5, 10: 3, 7: 3, 8: 5, 1: 1, 5: 1, 14: 1, 11: 1}
in_degree_counts: {4: 2, 7: 2, 8: 1, 10: 1, 11: 1, 5: 1, 9: 1, 6: 1}
out_degree_counts: {10: 3, 11: 1, 14: 1, 1: 1, 5: 1, 6: 3}
graph_is: The graph is cyclic.
sum_of_in_degrees: 71
sum_of_out_degrees: 79
