Random Generated Graph :
0: 2, 7, 1, 18, 17, 14, 9, 19
1: 16, 6, 2, 5, 8, 15, 11, 0, 4, 7
2: 17, 8, 1, 12
3: 10, 19, 15, 12, 9, 5
4: 16, 14, 1, 8, 18, 10
5: 1, 11, 19, 9, 10, 12, 15, 4
6: 8, 14, 11, 10, 19, 7, 2, 5, 13, 9
7: 15, 5, 13, 16, 1, 19
8: 0, 19, 13, 16, 2, 5
9: 16, 15, 17, 11, 3, 19, 2
10: 12, 7, 6, 19, 16, 3
11: 7, 6, 15, 8, 14, 18, 1
12: 3, 15, 19, 5, 10, 4, 11, 17, 18
13: 11, 4, 12, 3, 1, 15, 17, 18, 2
14: 2, 0, 11, 3, 16, 13, 5
15: 18, 16, 10, 3, 8, 11, 19, 7, 4
16: 11, 12, 19, 0, 9, 2, 14, 1
17: 18, 4, 6, 13, 8, 2, 10, 15
18: 9, 1, 5, 10, 2, 19, 13
19: 5, 6, 3, 9, 15, 1, 8, 4, 2, 17, 7

Analysis Results :
size: 20, 152
average_degree: 7.6
top_5_highest_degrees: 9, 9, 10, 10, 11
top_5_lowest_degrees: 4, 6, 6, 6, 6
in_degrees: 6, 10, 10, 5, 12, 11, 7, 7, 7, 8
out_degrees: 9, 9, 10, 10, 11, 4, 6, 6, 6, 6
degree_counts: {8: 4, 10: 2, 4: 1, 6: 5, 7: 4, 9: 3, 11: 1}
in_degree_counts: {6: 1, 10: 2, 5: 1, 12: 1, 11: 1, 7: 3, 8: 1}
out_degree_counts: {9: 2, 10: 2, 11: 1, 4: 1, 6: 4}
graph_is: The graph is cyclic.
sum_of_in_degrees: 83
sum_of_out_degrees: 77
