Random Generated Graph :
0: 12, 13, 19, 9, 17, 6, 5
1: 2, 18, 10, 16, 11, 0, 19
2: 0, 6, 18, 14, 7, 12, 5
3: 12, 2, 0, 19, 6, 14, 7, 16, 8, 18
4: 3, 0, 10, 7, 13
5: 14, 1, 19, 13, 18, 4, 10, 2, 12
6: 0, 10, 5, 4, 3, 2, 1, 14
7: 4, 3, 19, 12, 18, 8, 15, 10
8: 17, 18, 2, 7, 0, 15, 11
9: 2, 5, 10, 16, 11, 15, 1
10: 14, 6, 13, 15, 4, 2, 7, 12, 5
11: 17, 13, 3, 9, 15, 14, 6
12: 0, 14, 6, 4, 9, 5, 18, 3
13: 3, 17, 4, 19, 0, 6, 1, 18
14: 9, 12, 10, 6, 13, 1
15: 2, 8, 1, 18, 17, 16, 19
16: 8, 2, 18, 5, 3, 17, 15
17: 4, 11, 8, 19, 9, 18, 2, 14, 16, 0, 7, 10
18: 19, 16, 6, 15, 0, 14, 7
19: 7, 2, 15, 6, 14, 11

Analysis Results :
size: 20, 152
average_degree: 7.6
top_5_highest_degrees: 8, 9, 9, 10, 12
top_5_lowest_degrees: 5, 6, 6, 7, 7
in_degrees: 6, 7, 8, 7, 6, 7, 10, 9, 10, 6
out_degrees: 8, 9, 9, 10, 12, 5, 6, 6, 7, 7
degree_counts: {7: 9, 10: 1, 5: 1, 9: 2, 8: 4, 6: 2, 12: 1}
in_degree_counts: {6: 3, 7: 3, 8: 1, 10: 2, 9: 1}
out_degree_counts: {8: 1, 9: 2, 10: 1, 12: 1, 5: 1, 6: 2, 7: 2}
graph_is: The graph is cyclic.
sum_of_in_degrees: 76
sum_of_out_degrees: 79
