Random Generated Graph :
0: 6, 12, 2, 5, 19, 3, 9
1: 0, 6, 13, 15, 12, 18
2: 0, 17, 4, 13, 1, 18
3: 12, 9, 0, 15, 14, 7, 1, 17
4: 2, 7, 14, 0, 10, 6, 16, 9
5: 13, 1, 6, 0, 19, 10
6: 9, 15, 17, 5, 19, 11
7: 5, 2, 11, 0, 3, 10, 17, 14
8: 14, 10, 13, 11, 0, 4, 6, 7, 16, 19
9: 14, 0, 2, 18, 8, 17, 1, 13, 4, 10, 3, 16, 11
10: 14, 17, 0, 8, 15, 16, 6, 19, 9
11: 7, 6, 14, 4, 2, 16, 3
12: 5, 11, 8, 14
13: 0, 17, 11, 7, 2, 1, 12
14: 11, 0, 9, 1, 6, 18, 2
15: 11, 18, 7, 4, 19
16: 7, 6, 5, 10, 1, 8, 0, 9, 3, 17, 18
17: 0, 5, 7, 16, 9, 10, 18, 11
18: 3, 14, 1, 16, 7, 13, 11
19: 6, 18, 3, 16, 15, 5, 1, 2, 12

Analysis Results :
size: 20, 152
average_degree: 7.6
top_5_highest_degrees: 9, 9, 10, 11, 13
top_5_lowest_degrees: 4, 5, 6, 6, 6
in_degrees: 7, 6, 4, 8, 8, 5, 5, 9, 8, 7
out_degrees: 9, 9, 10, 11, 13, 4, 5, 6, 6, 6
degree_counts: {7: 5, 6: 4, 8: 4, 10: 1, 13: 1, 9: 2, 4: 1, 5: 1, 11: 1}
in_degree_counts: {7: 2, 6: 1, 4: 1, 8: 3, 5: 2, 9: 1}
out_degree_counts: {9: 2, 10: 1, 11: 1, 13: 1, 4: 1, 5: 1, 6: 3}
graph_is: The graph is cyclic.
sum_of_in_degrees: 67
sum_of_out_degrees: 79
