Random Generated Graph :
0: 19, 1, 18, 17, 15, 9, 14
1: 16, 13, 17, 11, 7, 0, 19
2: 17, 15, 7, 13, 19, 4, 0, 1, 10, 18
3: 8, 10, 6, 5, 17, 16, 9
4: 8, 11, 18, 0, 10, 14
5: 15, 4, 17, 10, 2, 3, 12, 7, 14
6: 18, 5, 2, 15, 13, 10
7: 17, 12, 0, 11
8: 15, 10, 19, 12, 7
9: 5, 6, 12, 17, 13, 15, 0, 10, 8, 18
10: 9, 16, 13, 3, 12, 14, 5
11: 14, 3, 6, 18, 8, 13, 9, 16
12: 14, 2, 8, 7, 5, 11, 17, 19, 4, 18, 10, 15, 9
13: 6, 11, 4, 19, 5, 1, 18, 3, 7, 16
14: 16, 4, 1, 18, 5
15: 9, 6, 3, 4, 14, 8, 19
16: 1, 2, 8, 5
17: 14, 6, 12, 7, 0, 2, 15, 1, 10
18: 14, 8, 15, 11, 19, 10, 17, 7, 0
19: 14, 4, 2, 1, 8, 16, 6, 18, 3

Analysis Results :
size: 20, 152
average_degree: 7.6
top_5_highest_degrees: 9, 10, 10, 10, 13
top_5_lowest_degrees: 4, 4, 5, 5, 6
in_degrees: 8, 6, 6, 6, 6, 8, 7, 9, 10, 7
out_degrees: 9, 10, 10, 10, 13, 4, 4, 5, 5, 6
degree_counts: {7: 5, 10: 3, 6: 2, 9: 4, 4: 2, 5: 2, 8: 1, 13: 1}
in_degree_counts: {8: 2, 6: 4, 7: 2, 9: 1, 10: 1}
out_degree_counts: {9: 1, 10: 3, 13: 1, 4: 2, 5: 2, 6: 1}
graph_is: The graph is cyclic.
sum_of_in_degrees: 73
sum_of_out_degrees: 76
