Random Generated Graph :
0: 14, 9, 10, 13, 3, 15, 11, 1, 16, 2
1: 7, 13, 6, 17, 3
2: 8, 16, 10, 1, 18, 7, 12, 11, 0, 9
3: 1, 15, 11, 12, 18
4: 12, 1, 15, 5, 14, 16, 17, 10, 2, 7, 11
5: 4, 6, 9, 17, 1, 15, 14, 2
6: 16, 10, 14, 0, 18, 12
7: 3, 13, 19, 16, 5, 11, 9
8: 4, 7, 18, 19, 6, 0, 13, 15
9: 12, 17, 3, 0, 13, 2, 4, 10, 11, 5, 15
10: 0, 18, 4, 5, 8, 19
11: 3, 9, 6, 12, 16, 14
12: 14, 10, 19, 13, 3
13: 7, 6, 18, 3, 11, 17, 0, 14
14: 8, 7, 17, 13
15: 10, 14, 3, 11, 19, 13, 17
16: 8, 5, 14, 0, 4, 15, 13, 3
17: 2, 0, 16, 5, 11, 8, 19, 14, 4
18: 17, 9, 0, 10, 5, 16, 11, 14
19: 8, 9, 13, 10, 4, 1, 12, 7, 16, 15

Analysis Results :
size: 20, 152
average_degree: 7.6
top_5_highest_degrees: 10, 10, 10, 11, 11
top_5_lowest_degrees: 4, 5, 5, 5, 6
in_degrees: 9, 5, 6, 7, 7, 11, 6, 9, 7, 5
out_degrees: 10, 10, 10, 11, 11, 4, 5, 5, 5, 6
degree_counts: {10: 3, 5: 3, 11: 2, 8: 5, 6: 3, 7: 2, 4: 1, 9: 1}
in_degree_counts: {9: 2, 5: 2, 6: 2, 7: 3, 11: 1}
out_degree_counts: {10: 3, 11: 2, 4: 1, 5: 3, 6: 1}
graph_is: The graph is cyclic.
sum_of_in_degrees: 72
sum_of_out_degrees: 77
