Random Generated Graph :
0: 10, 12, 17, 9, 18, 6, 5, 1, 2
1: 16, 8, 5, 10, 19
2: 16, 8, 12, 4, 13, 6, 10, 17, 7
3: 2, 10, 8, 0, 18, 16, 14, 11, 5, 1
4: 5, 12, 15, 7, 13, 8, 6, 0
5: 8, 10, 4, 15, 18, 2, 0, 1
6: 13, 8, 1, 11, 7, 0, 18
7: 3, 17, 11, 6, 4, 8
8: 14, 9, 15, 7, 6, 17, 3
9: 17, 12, 8, 11, 15, 4, 0, 2, 18, 5, 3
10: 16, 15, 5, 14
11: 16, 1, 17, 15, 19, 10, 13, 0, 12
12: 13, 9, 10, 8, 16, 18, 7, 4, 6, 2
13: 0, 7, 3, 5
14: 4, 19, 6, 15, 3, 13, 11
15: 14, 11, 7, 16, 17, 6, 1
16: 8, 4, 6, 17, 7, 0
17: 15, 5, 16, 18, 19, 6, 13, 12, 7, 10
18: 10, 14, 7, 13, 15, 12, 4, 9, 19
19: 10, 12, 4, 8, 14, 11

Analysis Results :
size: 20, 152
average_degree: 7.6
top_5_highest_degrees: 9, 10, 10, 10, 11
top_5_lowest_degrees: 4, 4, 5, 6, 6
in_degrees: 7, 5, 8, 8, 4, 10, 8, 6, 10, 8
out_degrees: 9, 10, 10, 10, 11, 4, 4, 5, 6, 6
degree_counts: {9: 4, 5: 1, 10: 3, 8: 2, 7: 4, 6: 3, 11: 1, 4: 2}
in_degree_counts: {7: 1, 5: 1, 8: 4, 4: 1, 10: 2, 6: 1}
out_degree_counts: {9: 1, 10: 3, 11: 1, 4: 2, 5: 1, 6: 2}
graph_is: The graph is cyclic.
sum_of_in_degrees: 74
sum_of_out_degrees: 75
