Random Generated Graph :
0: 4, 17, 2, 16, 1, 11, 14, 18, 5
1: 0, 12, 5, 6, 8, 4, 18
2: 15, 1, 16, 12, 10, 14, 6, 18
3: 15, 16, 19, 4, 5, 6, 9, 12, 17, 18
4: 11, 16, 13, 3, 15, 10, 17, 1, 6, 19
5: 16, 19, 3, 7
6: 8, 1, 19, 7, 12, 3
7: 2, 6, 4, 13, 1, 10
8: 1, 19, 4, 6, 0, 18, 17, 10
9: 13, 19, 11, 5, 16, 8, 15, 1, 14, 6
10: 3, 15, 6, 17, 9, 16, 2
11: 16, 7, 15, 0, 17, 19, 18
12: 3, 13, 0, 18, 5, 1
13: 8, 12, 4, 14, 5, 10, 9, 7, 15, 17
14: 13, 1, 7, 5, 3, 2
15: 5, 6, 3, 0, 4, 2, 1, 8, 11, 9, 7, 13
16: 5, 0, 17, 6, 8, 13, 19, 15, 12, 14, 7
17: 5, 13, 8
18: 15, 1, 14, 12
19: 4, 16, 13, 17, 6, 11, 7, 9

Analysis Results :
size: 20, 152
average_degree: 7.6
top_5_highest_degrees: 10, 10, 10, 11, 12
top_5_lowest_degrees: 3, 4, 4, 6, 6
in_degrees: 8, 5, 9, 9, 9, 9, 10, 7, 11, 8
out_degrees: 10, 10, 10, 11, 12, 3, 4, 4, 6, 6
degree_counts: {9: 1, 7: 3, 8: 3, 10: 4, 4: 2, 6: 4, 12: 1, 11: 1, 3: 1}
in_degree_counts: {8: 2, 5: 1, 9: 4, 10: 1, 7: 1, 11: 1}
out_degree_counts: {10: 3, 11: 1, 12: 1, 3: 1, 4: 2, 6: 2}
graph_is: The graph is cyclic.
sum_of_in_degrees: 85
sum_of_out_degrees: 76
