Random Generated Graph :
0: 10, 9, 17, 3, 16
1: 0, 9, 11, 6, 16, 17, 13, 19
2: 4, 5, 3, 13, 14, 8, 15, 17, 7, 12, 9, 18
3: 5, 4, 15, 8, 7, 12, 18, 0
4: 0, 11, 13, 3, 5, 19, 10, 17, 14
5: 16, 10, 7, 12, 11, 2, 18, 14, 3
6: 15, 11, 3, 18, 0, 1, 9, 7
7: 1, 6, 17, 15, 8, 16, 5, 13
8: 3, 15, 4
9: 14, 6, 17, 16, 1, 5, 3, 4
10: 2, 1, 5, 13, 15, 7, 6, 0
11: 12, 7, 3, 6, 14
12: 5, 3, 16, 19, 15, 1, 7, 0, 13
13: 16, 12, 5
14: 11, 9, 12, 2, 0, 8, 18, 17
15: 7, 19, 3, 13, 16, 0, 12, 6, 10
16: 9, 4, 6, 7, 13, 18, 1, 5
17: 1, 3, 10, 19, 15, 6, 11, 12, 13
18: 5, 12, 11, 2, 3, 16, 10, 15, 4, 19, 0
19: 0, 14, 16, 6

Analysis Results :
size: 20, 152
average_degree: 7.6
top_5_highest_degrees: 9, 9, 9, 11, 12
top_5_lowest_degrees: 3, 3, 4, 5, 5
in_degrees: 9, 9, 7, 6, 4, 4, 9, 6, 10, 7
out_degrees: 9, 9, 9, 11, 12, 3, 3, 4, 5, 5
degree_counts: {5: 2, 8: 8, 12: 1, 9: 5, 3: 2, 11: 1, 4: 1}
in_degree_counts: {9: 3, 7: 2, 6: 2, 4: 2, 10: 1}
out_degree_counts: {9: 3, 11: 1, 12: 1, 3: 2, 4: 1, 5: 2}
graph_is: The graph is cyclic.
sum_of_in_degrees: 71
sum_of_out_degrees: 70
