Random Generated Graph :
0: 9, 7, 13, 11, 14, 17, 15
1: 5, 8, 3, 17, 9, 2, 19, 4
2: 4, 14, 12, 13, 19, 15, 18, 9, 5
3: 4, 7, 8, 2, 19, 9, 12, 5
4: 10, 8, 0, 13, 5, 9, 18
5: 3, 12, 1, 10, 17, 6, 7
6: 12, 2, 5, 14, 11, 19, 0, 8, 17
7: 0, 1, 16, 8
8: 18, 15, 2, 10, 0, 13, 5, 11
9: 8, 2, 15, 0, 4, 7
10: 3, 4, 5, 12, 1, 6, 18, 0, 14
11: 9, 5, 13, 1, 6, 0, 4, 12, 3, 15, 8, 18, 2
12: 16, 18, 17, 5, 0, 3, 11, 7, 6
13: 8, 3, 16, 14, 12, 1, 0
14: 10, 0, 11, 16, 12, 4
15: 17, 1, 13, 19, 16, 18, 0, 6
16: 17, 2, 15, 6, 3, 9, 10
17: 6, 11, 7, 10, 12, 9, 3, 8, 19
18: 15, 4, 6, 1, 9
19: 11, 16, 5, 10, 1, 12

Analysis Results :
size: 20, 152
average_degree: 7.6
top_5_highest_degrees: 9, 9, 9, 9, 13
top_5_lowest_degrees: 4, 5, 6, 6, 6
in_degrees: 8, 7, 10, 7, 7, 6, 7, 9, 5, 6
out_degrees: 9, 9, 9, 9, 13, 4, 5, 6, 6, 6
degree_counts: {7: 5, 8: 4, 9: 5, 4: 1, 6: 3, 13: 1, 5: 1}
in_degree_counts: {8: 1, 7: 4, 10: 1, 6: 2, 9: 1, 5: 1}
out_degree_counts: {9: 4, 13: 1, 4: 1, 5: 1, 6: 3}
graph_is: The graph is cyclic.
sum_of_in_degrees: 72
sum_of_out_degrees: 76
