Random Generated Graph :
0: 4, 12, 7, 14, 11
1: 7, 6, 18, 13, 19
2: 9, 5, 1, 15, 13
3: 4, 7, 14, 1, 8, 5, 2, 9
4: 19, 6, 0, 2, 10, 17, 1, 8
5: 3, 14, 15, 16, 8, 6, 7
6: 4, 14, 19, 15, 7, 12, 3
7: 6, 0, 13, 3, 8, 4, 9, 18, 10, 16
8: 16, 1, 2, 9, 12, 7
9: 19, 18, 7, 14, 16, 12, 6
10: 0, 14, 18, 16, 17, 19, 13, 8, 3, 2, 9
11: 6, 16, 14, 0, 17, 2, 1
12: 14, 13, 16, 10, 11, 19, 7, 5, 17
13: 16, 4, 5, 2, 14, 7, 15
14: 16, 2, 19, 6, 10, 5
15: 9, 18, 2, 4, 13, 6, 3, 0, 11, 5
16: 4, 7, 6, 5, 0, 10
17: 4, 12, 15, 5, 7, 10, 16, 19, 6, 3, 14
18: 9, 5, 0, 2, 17, 19, 6, 12, 14, 11, 10
19: 5, 8, 6, 4, 1, 17

Analysis Results :
size: 20, 152
average_degree: 7.6
top_5_highest_degrees: 10, 10, 11, 11, 11
top_5_lowest_degrees: 5, 5, 5, 6, 6
in_degrees: 11, 5, 7, 6, 5, 7, 6, 9, 6, 11
out_degrees: 10, 10, 11, 11, 11, 5, 5, 5, 6, 6
degree_counts: {5: 3, 8: 2, 7: 5, 10: 2, 6: 4, 11: 3, 9: 1}
in_degree_counts: {11: 2, 5: 2, 7: 2, 6: 3, 9: 1}
out_degree_counts: {10: 2, 11: 3, 5: 3, 6: 2}
graph_is: The graph is cyclic.
sum_of_in_degrees: 73
sum_of_out_degrees: 80
