Random Generated Graph :
0: 42, 29, 12, 38, 53, 39, 37, 57, 27, 8, 49, 54, 31, 24, 17, 28, 18, 34, 35, 19, 30, 51, 15, 55, 45, 5, 33, 32, 43, 48
1: 26, 15, 56, 6, 4, 58, 22, 5, 20, 45, 23, 38, 34, 54, 57, 16, 21, 51, 25, 17, 44, 49
2: 6, 41, 28, 45, 40, 48, 5, 1, 11, 56, 20, 57, 47, 43, 39, 7, 59, 4, 35, 34, 0, 55, 36
3: 7, 6, 8, 56, 52, 14, 47, 12, 23, 54, 29, 38, 25, 39, 49, 31, 51, 45, 27, 58, 18, 21, 4, 43, 33
4: 47, 52, 58, 59, 18, 12, 11, 34, 14, 33, 30, 54, 15, 19, 20, 53, 17, 31
5: 39, 43, 41, 27, 33, 2, 16, 54, 32, 4, 24, 1, 40, 15, 55, 45, 34, 18, 14, 6, 23, 29, 25
6: 25, 35, 14, 1, 56, 38, 15, 5, 8, 41, 36, 54, 16, 21, 19, 44, 27, 40, 47, 45, 37, 29, 50
7: 5, 53, 29, 30, 23, 24, 33, 55, 22, 51, 15, 38, 3, 57, 34, 41, 44, 11, 1, 9, 6
8: 4, 47, 17, 56, 28, 55, 35, 5, 37, 2, 21, 48, 46, 39, 38, 22, 44, 54, 42, 31, 32, 25
9: 7, 39, 49, 47, 51, 53, 54, 10, 28, 45, 29, 22, 58, 34, 41, 52, 31, 26, 20, 24, 19, 35, 44, 55, 3, 50, 21, 6, 15, 38
10: 25, 59, 30, 7, 28, 50, 14, 49, 29, 6, 21, 0, 38, 4, 2, 5, 54, 26, 31, 42, 55, 48, 17, 36
11: 30, 21, 19, 39, 53, 37, 38, 54, 49, 55, 31, 6, 13, 43, 14, 4, 18, 24, 42
12: 5, 56, 34, 9, 16, 14, 10, 23, 27, 28, 49, 11, 39, 24, 30, 31, 25, 47, 4, 26, 17, 37
13: 8, 12, 36, 22, 51, 40, 15, 4, 52, 18, 30, 57, 14, 5, 2, 58, 34, 10, 29, 21, 43, 54, 32, 27, 23, 6
14: 12, 55, 43, 6, 31, 34, 58, 41, 51, 40, 47, 23, 27, 0, 53, 46, 15, 59, 4, 10, 8, 35, 5, 45, 25
15: 29, 2, 5, 53, 33, 58, 7, 31, 6, 24, 9, 50, 43, 38, 37, 54, 12, 13, 19, 30, 32, 39, 14, 0, 4
16: 52, 8, 1, 59, 58, 19, 33, 43, 39, 36, 20, 35, 37, 13, 30, 27, 40, 7, 42, 51, 46, 41, 28, 56
17: 44, 4, 34, 26, 9, 2, 7, 37, 10, 58, 35, 40, 38, 25, 8, 1, 14, 57, 22, 53, 48, 19, 36, 21, 32
18: 9, 32, 54, 2, 48, 41, 35, 25, 24, 3, 21, 59, 12, 7, 19, 53, 4, 57, 10, 6, 46, 55, 17
19: 9, 37, 55, 50, 52, 47, 28, 48, 36, 27, 39, 16, 44, 13, 14, 42, 25, 51, 46, 0, 29, 20, 58, 7, 45
20: 7, 8, 1, 58, 53, 34, 55, 26, 16, 2, 18, 48, 35, 51, 14, 19, 50, 38, 52, 36
21: 52, 24, 33, 1, 44, 58, 54, 3, 26, 14, 19, 8, 18, 6, 47, 4, 22, 56, 35, 0, 17
22: 13, 50, 56, 47, 10, 11, 34, 7, 21, 44, 29, 45, 1, 53, 27, 30, 42, 51, 49, 55, 37, 35, 32, 20, 48, 18
23: 32, 58, 12, 10, 14, 38, 29, 41, 31, 30, 13, 0, 11, 6, 1, 47, 20, 48, 56, 26, 44
24: 42, 57, 14, 26, 52, 18, 34, 0, 38, 3, 44, 20, 53, 7, 56, 25, 30, 9, 16, 4, 6
25: 31, 27, 1, 2, 46, 22, 17, 33, 53, 15, 9, 35, 20, 23, 0, 18, 4, 6, 36, 16, 26, 51, 14, 8, 24, 10
26: 41, 22, 19, 34, 24, 35, 7, 46, 38, 29, 30, 16, 13, 6, 32, 12, 15, 59, 8, 0, 3, 43, 9, 52, 14, 27, 25
27: 21, 1, 4, 9, 32, 7, 12, 48, 40, 0, 26, 25, 57, 46, 22, 43, 5, 30, 14, 10
28: 24, 27, 13, 31, 26, 12, 8, 5, 39, 23, 21, 44, 57, 48, 18, 7, 52, 50, 51, 59, 16, 4, 29
29: 47, 6, 11, 19, 27, 33, 1, 43, 34, 20, 23, 46, 7, 58, 44, 4, 53, 42, 28, 26, 14, 8
30: 53, 17, 38, 23, 37, 22, 5, 56, 11, 2, 18, 58, 29, 52, 42, 7, 41, 8, 4
31: 37, 16, 33, 25, 34, 24, 58, 19, 27, 45, 38, 23, 42, 8, 5, 20, 36, 3, 22, 59, 26, 28, 17, 48, 9, 54, 15
32: 12, 14, 34, 58, 21, 5, 45, 56, 39, 29, 6, 15, 11, 25, 50, 57, 2, 31, 47, 35, 24, 9, 44, 7, 22
33: 43, 58, 0, 1, 34, 39, 56, 25, 48, 51, 37, 4, 30, 17, 19, 42, 53, 22, 28, 38, 18, 36, 59, 54, 35
34: 2, 55, 13, 48, 18, 7, 51, 16, 30, 39, 25, 27, 42, 58, 56, 9, 33, 29, 8, 53, 24, 46, 54, 5, 15, 17, 19, 52, 14
35: 37, 53, 11, 15, 17, 1, 58, 52, 55, 50, 38, 12, 34, 49, 44, 33, 7, 8, 31, 18, 16, 39, 40
36: 52, 3, 9, 18, 20, 19, 25, 41, 55, 17, 29, 14, 47, 51, 49, 35, 6, 44, 33, 22, 5, 10, 26, 16, 8, 15
37: 43, 27, 22, 10, 57, 53, 56, 7, 50, 58, 3, 24, 28, 20, 38, 41, 32, 31, 17, 2, 54, 39, 35, 1, 44, 55
38: 31, 10, 20, 30, 46, 40, 26, 32, 45, 17, 58, 52, 59, 37, 2, 25, 56, 14, 1, 41
39: 14, 1, 57, 25, 36, 2, 20, 27, 49, 13, 42, 16, 15, 45, 31, 55, 34, 10, 37, 53, 50, 3, 56, 29, 5, 23, 52, 7, 11, 22, 46, 47, 38
40: 36, 53, 29, 52, 57, 9, 39, 59, 10, 47, 26, 24, 30, 32, 43, 16, 15, 25, 8, 14, 18
41: 37, 15, 7, 24, 0, 30, 14, 3, 28, 46, 39, 8, 20, 21, 34, 11, 5, 35, 4, 6, 42, 53, 33, 50, 52, 57, 54, 51, 31, 43, 29
42: 59, 53, 40, 7, 46, 52, 2, 14, 3, 26, 1, 30, 28, 23, 32, 13, 19
43: 50, 46, 41, 3, 10, 35, 26, 15, 0, 52, 22, 14, 38, 30, 9, 39, 40, 31, 12, 23
44: 5, 19, 10, 51, 3, 9, 53, 8, 13, 22, 37, 54, 47, 57, 45, 15, 52, 56, 11, 43, 4, 7, 49, 38, 48, 46, 36, 1
45: 4, 48, 39, 36, 28, 3, 56, 49, 13, 32, 51, 53, 16, 50, 46, 27, 40, 33, 23, 6, 17, 20, 25, 29
46: 1, 24, 44, 55, 10, 49, 51, 26, 53, 59, 9, 21, 19, 17, 42, 7, 16, 31, 58, 45, 56, 41, 52, 34, 54, 12, 4, 38, 36, 43
47: 38, 18, 15, 5, 8, 35, 58, 55, 31, 44, 52, 19, 59, 12, 32
48: 58, 31, 54, 9, 0, 16, 35, 17, 38, 34, 33, 5, 23, 28, 29, 3, 6, 7, 19, 49, 24, 32
49: 50, 18, 14, 3, 44, 33, 31, 23, 20, 13, 42, 16, 40, 41, 15, 38, 57, 11, 59, 5, 37, 0, 10
50: 36, 3, 56, 22, 37, 5, 48, 10, 17, 6, 0, 59, 32, 47, 35, 43, 27, 15, 54, 57, 45
51: 25, 18, 59, 11, 20, 45, 27, 29, 33, 13, 4, 37, 14, 2, 53, 57, 46, 22, 26, 54
52: 5, 34, 26, 20, 2, 42, 57, 58, 29, 39, 0, 33, 10, 37, 1, 21, 51, 22, 59, 24, 7, 9
53: 26, 24, 15, 6, 28, 3, 59, 2, 20, 9, 27, 39, 12, 33, 35, 10, 48, 36, 16, 51, 23, 38
54: 16, 7, 48, 55, 53, 26, 29, 30, 23, 21, 32, 40, 35, 47, 8, 25, 3, 28, 5, 45, 10, 52, 15, 6
55: 11, 1, 3, 7, 23, 35, 40, 16, 25, 51, 37, 53, 49, 52, 14, 4, 32, 43, 9, 8, 21, 34, 56, 33, 0, 24, 42, 48, 19, 22
56: 16, 41, 1, 8, 52, 22, 55, 4, 40, 5, 26, 34, 43, 59, 35, 30, 12, 10, 48, 14, 36, 33, 3
57: 51, 38, 16, 2, 24, 4, 46, 42, 25, 33, 22, 31, 10, 26, 39, 59, 27, 1, 28, 8, 30, 48, 9, 36, 23, 0, 44, 3, 7
58: 45, 25, 33, 20, 46, 19, 21, 35, 47, 1, 5, 8, 30, 37, 12, 51, 57, 24, 52, 13
59: 10, 31, 48, 34, 57, 17, 52, 47, 12, 39, 27, 35, 16, 41, 33, 14, 30, 8, 19

Analysis Results :
size: 60, 1416
average_degree: 23.6
top_5_highest_degrees: 30, 30, 30, 31, 33
top_5_lowest_degrees: 15, 17, 18, 19, 19
in_degrees: 23, 20, 22, 19, 25, 22, 20, 29, 16, 26
out_degrees: 30, 30, 30, 31, 33, 15, 17, 18, 19, 19
degree_counts: {30: 4, 22: 7, 23: 8, 25: 7, 18: 1, 21: 6, 24: 4, 19: 3, 26: 5, 20: 6, 27: 2, 29: 2, 33: 1, 31: 1, 17: 1, 28: 1, 15: 1}
in_degree_counts: {23: 1, 20: 2, 22: 2, 19: 1, 25: 1, 29: 1, 16: 1, 26: 1}
out_degree_counts: {30: 3, 31: 1, 33: 1, 15: 1, 17: 1, 18: 1, 19: 2}
graph_is: The graph is cyclic.
sum_of_in_degrees: 222
sum_of_out_degrees: 242
