Random Generated Graph :
0: 31, 44, 22, 50, 52, 25, 45, 37, 34, 41, 28, 30, 59, 43, 8, 18, 55, 40, 46, 56, 6, 12
1: 11, 28, 45, 44, 2, 55, 51, 0, 53, 30, 43, 33, 19, 26, 7, 49, 24, 37, 36, 48, 59, 10, 32, 18, 8, 25
2: 49, 38, 39, 22, 57, 46, 20, 17, 59, 25, 56, 18, 24, 0, 53, 8, 50, 34
3: 21, 27, 51, 33, 25, 32, 20, 52, 57, 16, 58, 34, 54, 30, 36, 14, 55, 42, 17, 0, 15, 31, 19
4: 56, 55, 34, 8, 43, 15, 37, 44, 31, 24, 35, 33, 53, 16, 38, 52, 0, 14, 23, 28
5: 0, 42, 29, 15, 52, 6, 53, 48, 49, 44, 2, 26, 3, 46, 55, 32, 51, 27, 12
6: 1, 2, 23, 3, 45, 47, 11, 13, 37, 57, 25, 50, 27, 52, 5, 49, 31, 36, 39, 29, 20
7: 50, 57, 44, 8, 48, 5, 6, 35, 28, 12, 29, 26, 54, 11, 33, 0, 45, 13, 18, 15, 27
8: 33, 51, 14, 36, 9, 23, 4, 42, 19, 11, 16, 35, 37, 59, 10, 53, 52, 29, 6, 57, 20, 48, 30, 58, 32
9: 37, 23, 3, 11, 0, 14, 56, 20, 42, 34, 28, 45, 44, 47, 10, 59, 8, 24, 36, 6, 2, 57
10: 22, 24, 59, 32, 21, 51, 29, 27, 3, 33, 13, 44, 46, 12, 16, 36, 11, 53, 28, 30, 37, 54
11: 8, 14, 32, 44, 19, 15, 27, 7, 17, 24, 41, 16, 50, 21, 1, 45, 43, 54, 23, 4, 38, 5, 6, 37, 42, 9
12: 42, 3, 38, 43, 44, 21, 56, 17, 26, 41, 7, 58, 54, 16, 2, 0, 48, 22, 29, 33
13: 40, 46, 33, 44, 34, 54, 6, 31, 4, 5, 29, 28, 27, 16, 23, 3, 10, 25, 19, 7, 21, 30, 53, 42, 2
14: 22, 46, 6, 41, 49, 8, 38, 2, 59, 7, 1, 16, 31, 12, 52, 25, 29, 19, 36, 58, 56, 44, 48
15: 30, 14, 13, 9, 58, 52, 32, 46, 17, 26, 3, 28, 6, 44, 33, 19, 21, 36, 31, 1, 54, 25, 7, 0
16: 12, 49, 42, 10, 3, 0, 31, 18, 37, 28, 17, 19, 20, 6, 44, 33, 45, 46, 25, 27, 13, 41, 58, 48, 53, 14, 57
17: 28, 55, 1, 26, 33, 20, 19, 51, 34, 43, 36, 46, 30, 0, 10, 22, 35, 18, 25, 40, 38, 42, 48, 39
18: 2, 39, 50, 23, 47, 54, 7, 53, 10, 6, 40, 44, 45, 3, 9, 17, 24, 36, 4, 15, 5, 43, 20, 35
19: 42, 15, 17, 12, 33, 27, 22, 30, 56, 44, 53, 47, 52, 21, 35, 7
20: 52, 55, 50, 27, 6, 22, 9, 36, 4, 3, 18, 12, 23, 15, 35, 0, 42, 57, 47, 56, 5, 38, 46, 29
21: 50, 13, 45, 11, 59, 15, 40, 7, 20, 18, 35, 36, 51, 55, 16, 5, 57, 33, 46, 48, 27, 4, 47, 28, 12, 25, 9, 54, 53
22: 7, 13, 21, 48, 40, 46, 41, 43, 57, 42, 9, 12, 20, 26, 18, 8, 1, 4, 51, 33, 38, 34, 52, 11, 35, 39, 10
23: 46, 59, 27, 37, 1, 24, 15, 8, 28, 39, 14, 41, 29, 2, 57, 48, 0, 58, 34, 21, 26, 18
24: 23, 37, 59, 12, 22, 17, 7, 40, 1, 45, 32, 8, 38, 42, 5, 27, 35, 41, 46, 14, 0, 51, 58, 29, 4, 25, 54, 49, 11
25: 32, 14, 13, 6, 28, 29, 42, 43, 30, 54, 52, 46, 37, 55, 56, 22
26: 14, 33, 31, 37, 47, 15, 24, 44, 2, 20, 49, 50, 43, 42, 46, 45, 35, 52, 13, 40
27: 24, 26, 42, 34, 30, 32, 22, 6, 35, 37, 3, 51, 55, 47, 41, 10, 57, 54, 40, 8, 36, 56, 48, 21
28: 35, 10, 34, 15, 9, 25, 39, 5, 37, 52, 38, 11, 31, 54, 22, 47, 41, 26, 59, 29, 49, 48, 32, 24
29: 59, 26, 49, 31, 7, 9, 25, 35, 37, 23, 10, 8, 19, 34, 54, 13, 22, 2, 12, 47, 32, 6, 43, 55, 4, 45, 28, 53, 42, 51
30: 56, 58, 5, 38, 16, 18, 32, 45, 13, 48, 41, 21, 47, 37, 14, 49, 15, 1, 35, 34, 57, 33, 36, 24, 25, 54, 20, 4
31: 59, 37, 26, 0, 56, 18, 21, 28, 19, 10, 27, 9, 40, 4, 54, 11, 50, 8, 53, 35, 32, 3, 39, 34
32: 17, 26, 12, 5, 49, 9, 4, 40, 0, 57, 24, 27, 52, 28, 59, 33, 25, 47, 35, 51, 50, 11, 6, 56
33: 13, 16, 30, 4, 5, 38, 45, 29, 41, 57, 46, 52, 35, 55, 40, 22, 23, 3, 28, 32, 17, 18, 15, 49
34: 27, 25, 31, 29, 41, 50, 2, 37, 30, 43, 55, 19, 24, 36, 11, 32, 52, 12, 5, 9, 7, 3, 20, 48, 40, 4, 1, 6
35: 46, 23, 47, 37, 58, 28, 7, 31, 5, 39, 53, 12, 18, 50, 38, 54, 3, 17, 1, 44, 20, 10, 22, 57, 59, 2, 51
36: 48, 14, 54, 39, 59, 43, 18, 49, 52, 32, 46, 57, 9, 10, 40, 26, 30, 20, 17, 12
37: 50, 12, 42, 0, 4, 36, 5, 30, 9, 28, 25, 48, 51, 27, 44, 32, 24, 18, 1, 45, 26, 21, 17, 34, 14, 54
38: 41, 46, 45, 10, 12, 26, 4, 35, 40, 1, 2, 29, 5, 55, 56, 25, 58, 31, 27, 17, 21, 22, 52, 30, 11, 0
39: 15, 13, 44, 56, 34, 51, 12, 17, 52, 20, 9, 58, 47, 21, 50, 43, 23, 59, 33
40: 49, 48, 9, 32, 19, 16, 2, 43, 56, 26, 46, 24, 50, 39, 23, 10, 14, 15, 28, 59, 58, 42, 30, 17, 1, 44
41: 45, 12, 48, 29, 34, 26, 40, 39, 59, 16, 18, 32, 54, 7, 42, 50, 10, 0, 46, 4, 57, 25, 27, 23, 5, 49
42: 34, 44, 16, 29, 37, 50, 58, 26, 48, 17, 9, 31, 21, 20, 36, 11
43: 11, 42, 27, 58, 51, 49, 0, 48, 19, 34, 45, 50, 2, 32, 22, 8, 46, 39
44: 4, 38, 58, 21, 27, 45, 50, 30, 53, 39, 32, 20, 56, 16, 43, 51, 7, 26, 52, 24, 37, 14, 46, 13
45: 54, 43, 35, 23, 24, 42, 8, 38, 46, 22, 55, 6, 32, 20, 9, 48, 17, 39, 4, 51, 34, 12, 13, 53, 19
46: 36, 11, 19, 27, 58, 24, 34, 31, 29, 13, 9, 41, 23, 30, 51, 8, 45, 42, 43, 21, 25, 3, 32
47: 56, 57, 55, 9, 38, 35, 16, 18, 5, 0, 32, 1, 31, 34, 45, 41, 3, 8, 27, 2, 7, 4, 25
48: 51, 34, 11, 29, 42, 58, 55, 25, 2, 10, 31, 7, 39, 12, 1, 53, 56, 32, 41, 59, 24
49: 32, 45, 10, 12, 22, 46, 55, 57, 59, 0, 53, 54, 6, 48, 56, 42, 27, 29, 17, 25, 8, 28, 19, 23, 35, 52, 3, 40, 26, 51, 30
50: 13, 39, 41, 3, 30, 9, 54, 1, 58, 59, 43, 26, 33, 21, 28, 37, 38, 46, 27, 49, 8, 40, 44, 35, 16, 0, 23, 2
51: 8, 56, 6, 1, 28, 22, 27, 19, 46, 23, 48, 44, 55, 15, 10, 18, 29, 42, 35, 0, 20, 40
52: 37, 27, 0, 43, 20, 34, 11, 42, 49, 46, 22, 44, 53, 18, 4, 56, 12, 38, 31, 45, 23, 48, 24, 36, 2, 59, 10, 51, 3
53: 13, 57, 14, 40, 38, 28, 23, 21, 33, 12, 19, 17, 35, 24, 18, 6, 2, 0, 37, 7, 48, 4, 22, 30
54: 34, 26, 15, 27, 51, 39, 38, 44, 24, 55, 3, 56, 47, 10, 33, 46, 43, 7, 40, 58, 30
55: 2, 18, 39, 17, 56, 10, 6, 19, 13, 45, 1, 29, 44, 42, 28, 0, 41, 33, 51, 54, 50, 31, 21
56: 0, 50, 25, 14, 17, 11, 9, 57, 33, 7, 24, 27, 59, 5, 44, 32, 13, 53, 4, 47, 29, 21, 58, 45, 18, 51, 3
57: 14, 31, 33, 53, 40, 36, 12, 51, 56, 30, 37, 47, 3, 45, 6, 10, 8, 35, 0, 49, 1, 43, 29, 44
58: 4, 18, 54, 2, 43, 11, 46, 32, 31, 14, 5, 15, 41, 50, 20, 10, 42, 21
59: 31, 23, 32, 15, 52, 38, 41, 42, 17, 57, 58, 20, 49, 16, 11, 48, 46, 26, 25, 21, 40, 28, 33, 37, 4, 19, 18, 22

Analysis Results :
size: 60, 1416
average_degree: 23.6
top_5_highest_degrees: 29, 29, 29, 30, 31
top_5_lowest_degrees: 16, 16, 16, 18, 18
in_degrees: 24, 24, 23, 25, 21, 21, 26, 30, 23, 23
out_degrees: 29, 29, 29, 30, 31, 16, 16, 16, 18, 18
degree_counts: {22: 5, 26: 6, 18: 3, 23: 5, 20: 4, 19: 2, 21: 4, 25: 3, 24: 12, 27: 4, 16: 3, 29: 3, 30: 1, 28: 4, 31: 1}
in_degree_counts: {24: 2, 23: 3, 25: 1, 21: 2, 26: 1, 30: 1}
out_degree_counts: {29: 3, 30: 1, 31: 1, 16: 3, 18: 2}
graph_is: The graph is cyclic.
sum_of_in_degrees: 240
sum_of_out_degrees: 232
