Random Generated Graph :
0: 14, 43, 59, 22, 36, 56, 54, 57, 41, 15, 19, 39, 25, 31, 13, 4, 42, 33, 28, 12, 49, 21, 51, 24, 50, 32, 17, 29, 55
1: 13, 26, 42, 20, 14, 4, 30, 12, 19, 44, 47, 28, 55, 24, 2, 36, 25, 18, 21, 56, 7, 10, 35, 37, 32, 17, 59, 57, 6
2: 41, 27, 14, 45, 13, 29, 23, 11, 30, 35, 34, 25, 38, 22, 52, 42, 7, 12, 50, 59, 6, 51, 5, 19, 57, 39
3: 25, 46, 4, 26, 53, 47, 8, 5, 57, 24, 15, 40, 27, 45, 58, 28, 35, 49, 32
4: 13, 48, 2, 50, 18, 27, 7, 36, 51, 53, 45, 40, 55, 8, 10, 16, 30, 14, 21, 20, 33, 1, 52, 35, 11, 29
5: 14, 44, 24, 11, 39, 31, 55, 42, 40, 32, 27, 47, 8, 29, 30, 50, 1, 49, 15, 26, 37, 19, 17, 10
6: 23, 14, 24, 1, 3, 31, 56, 0, 45, 55, 29, 53, 40, 8, 44, 10, 5, 12, 34, 17, 32, 51, 25, 38, 27, 21, 47
7: 24, 35, 54, 30, 9, 28, 16, 10, 44, 47, 1, 27, 26, 53, 55, 41, 45, 18, 57, 8, 23
8: 52, 36, 43, 40, 18, 31, 29, 1, 9, 28, 49, 7, 12, 2, 21, 32, 14, 48, 39, 0, 56, 15, 5, 4, 17, 24, 13, 41, 55, 27
9: 37, 27, 6, 49, 46, 34, 39, 8, 7, 19, 47, 22, 54, 16, 13, 4, 29, 14, 11, 55, 30, 10, 48
10: 7, 18, 25, 56, 9, 43, 57, 16, 35, 44, 38, 23, 8, 40, 45, 46, 13, 42, 24, 17, 32, 29
11: 25, 17, 54, 24, 21, 15, 42, 22, 16, 53, 56, 23, 0, 18, 31, 44, 29, 38, 57, 27, 7, 10, 20
12: 48, 54, 4, 26, 13, 44, 20, 30, 41, 33, 17, 28, 53, 49, 40, 24, 29, 46, 32, 39, 0, 21, 36, 58
13: 51, 0, 57, 37, 24, 12, 19, 18, 49, 14, 41, 52, 34, 44, 30, 50, 35, 59, 9, 38, 36
14: 49, 31, 7, 30, 46, 39, 34, 11, 20, 58, 33, 59, 1, 45, 50, 22, 42, 37, 48, 40, 47, 56
15: 28, 25, 35, 41, 36, 59, 2, 46, 0, 22, 23, 13, 27, 42, 18, 6
16: 39, 26, 3, 46, 50, 0, 43, 56, 59, 13, 32, 52, 40, 9, 36, 48, 30, 54, 14, 24, 33, 35, 28, 21, 10, 4
17: 25, 43, 47, 58, 33, 1, 21, 38, 49, 26, 36, 53, 4, 16, 6, 56, 46, 28, 22, 27, 3, 23, 32, 31, 37, 7, 42, 35
18: 13, 45, 50, 32, 26, 46, 31, 17, 25, 3, 22, 11, 6, 37, 38, 0, 20, 8, 10, 29, 42, 2, 24, 56, 59, 4
19: 16, 14, 18, 1, 3, 2, 50, 0, 5, 6, 47, 12, 27, 54, 57, 34, 15, 55, 44, 45, 38, 49, 40, 33, 59, 20
20: 11, 26, 12, 13, 6, 2, 1, 44, 8, 50, 32, 3, 28, 7, 46, 48, 37, 16, 47, 21, 31, 14
21: 33, 24, 41, 2, 35, 5, 50, 13, 34, 43, 27, 38, 37, 14, 9, 55, 7, 53, 31, 6
22: 33, 56, 8, 41, 14, 54, 27, 17, 58, 31, 50, 42, 39, 5, 59, 30, 21, 2, 32, 46, 53, 38, 28, 24, 57, 0
23: 21, 19, 32, 29, 47, 43, 13, 44, 15, 37, 28, 0, 58, 51, 48, 42, 14, 20, 54, 59, 9, 8, 40, 18, 17, 50, 25, 10
24: 7, 41, 6, 26, 59, 14, 16, 8, 40, 30, 13, 37, 42, 31, 29, 53, 38, 33, 9, 3
25: 26, 49, 17, 43, 19, 48, 58, 44, 31, 1, 40, 10, 42, 38, 6, 54, 47, 12, 57
26: 55, 28, 19, 47, 4, 12, 31, 16, 18, 25, 27, 43, 20, 5, 57, 54, 36, 39, 15, 56, 46, 13, 34
27: 55, 21, 48, 49, 23, 25, 28, 59, 33, 45, 4, 58, 8, 51, 52, 46, 2, 36, 37, 35, 22, 34, 31, 41, 0
28: 51, 30, 43, 19, 41, 36, 52, 15, 3, 32, 6, 31, 40, 20, 13, 53, 9, 4, 56, 35, 1, 37, 55, 46, 59
29: 22, 9, 4, 52, 30, 17, 36, 32, 7, 0, 41, 53, 31, 58, 25, 57, 21, 40, 43, 6, 15, 13, 14
30: 56, 3, 39, 36, 23, 11, 12, 13, 40, 22, 57, 49, 6, 32, 52, 35, 2, 33, 59, 55, 28, 48
31: 20, 22, 14, 7, 15, 52, 40, 57, 18, 49, 56, 29, 10, 44, 2, 38, 16, 46
32: 31, 12, 13, 43, 50, 27, 40, 16, 36, 7, 28, 8, 45, 37, 30, 46, 5, 9, 15, 44, 51, 23, 41, 49, 17, 48, 47, 59, 38, 25, 6, 22, 52
33: 41, 28, 31, 29, 26, 49, 9, 57, 58, 54, 55, 32, 34, 24, 42, 37, 39, 10, 48, 51, 30, 16, 44, 46, 22
34: 14, 33, 6, 13, 38, 49, 57, 56, 37, 35, 39, 59, 53, 3, 0, 27, 22, 45, 44, 58, 51
35: 18, 8, 4, 23, 0, 24, 2, 34, 39, 32, 16, 15, 14, 53, 52, 58, 36, 29, 27, 50, 3, 33, 37, 41, 40, 17, 46
36: 15, 34, 35, 49, 55, 20, 9, 44, 27, 45, 24, 13, 40, 58, 25, 22, 33, 0, 14, 48, 26, 47, 12
37: 13, 59, 36, 8, 5, 54, 20, 4, 1, 48, 34, 41, 44, 19, 29, 11, 47, 3, 2, 38, 40, 55, 24, 14, 9, 35
38: 54, 39, 27, 32, 29, 34, 56, 8, 5, 50, 43, 0, 44, 14, 49, 41, 37, 59, 3, 13, 7, 53, 52, 10, 40, 6, 45, 25, 1
39: 35, 15, 32, 22, 18, 36, 9, 14, 17, 38, 43, 10, 26, 4, 37, 5, 33, 13, 12, 1, 51
40: 50, 0, 34, 41, 1, 49, 45, 3, 37, 6, 39, 51, 38, 8, 29, 52, 16, 59, 33, 56, 28, 46, 11
41: 12, 10, 45, 11, 48, 37, 39, 51, 18, 29, 2, 13, 46, 30, 8, 50, 44, 4, 28
42: 20, 45, 58, 30, 47, 0, 13, 33, 3, 23, 39, 16, 17, 54, 31, 32, 19, 34, 26, 1, 46, 11, 8, 18
43: 54, 36, 35, 19, 3, 6, 33, 40, 10, 21, 4, 41, 27, 8, 57, 32, 28, 30, 14, 49
44: 47, 35, 55, 7, 45, 33, 41, 38, 20, 50, 10, 22, 36, 59, 34, 0, 51, 16, 1, 43, 46, 48, 9
45: 32, 53, 59, 8, 0, 36, 19, 17, 10, 50, 25, 4, 18, 7, 49, 3, 52, 14, 15, 6, 40, 23
46: 2, 28, 45, 8, 41, 29, 39, 3, 21, 30, 48, 22, 54, 44, 37, 38, 47, 34, 14
47: 30, 5, 46, 9, 55, 6, 48, 7, 16, 32, 15, 1, 58, 4, 24, 49, 12, 35, 38, 8, 26, 13, 20, 53, 44
48: 47, 45, 41, 51, 10, 32, 46, 31, 55, 36, 18, 13, 57, 58, 53, 23, 25, 30, 34, 50, 40, 20, 2, 17, 19
49: 4, 29, 59, 1, 21, 41, 33, 13, 57, 22, 51, 48, 34, 55, 14, 25, 24, 28, 10, 47, 9, 56
50: 46, 51, 30, 41, 58, 45, 54, 22, 32, 48, 31, 6, 20, 44, 25, 36, 59, 39, 9
51: 21, 28, 7, 19, 10, 46, 56, 43, 32, 47, 59, 20, 6, 31, 12, 15, 35, 33, 13, 1, 17
52: 40, 34, 49, 45, 36, 4, 47, 14, 21, 39, 43, 12, 11, 25, 54, 0, 55, 13
53: 45, 27, 18, 30, 42, 3, 8, 24, 31, 15, 57, 43, 28, 38, 59, 55, 9, 19, 48, 23, 58, 22
54: 48, 51, 36, 59, 46, 35, 26, 12, 29, 18, 19, 2, 38, 31, 1, 47, 8, 37, 41, 14, 30, 45, 6, 5
55: 0, 19, 9, 12, 52, 38, 4, 5, 35, 40, 45, 54, 6, 3, 59, 46, 53, 11, 56, 37, 30, 43, 27, 10, 50, 21, 13, 34, 25
56: 7, 17, 4, 22, 28, 45, 54, 6, 2, 16, 53, 52, 34, 44, 33, 26, 29, 14, 27, 35, 31, 10, 21, 15, 57, 37
57: 3, 10, 55, 28, 20, 50, 41, 13, 58, 54, 6, 9, 7, 26, 53, 59, 46, 1, 23, 12, 25, 17, 22
58: 43, 54, 38, 42, 35, 1, 17, 15, 44, 29, 19, 8, 10, 33, 55, 56, 41, 30, 53, 49, 3, 18, 51, 23, 7, 39, 12, 26, 22
59: 42, 30, 51, 39, 23, 46, 33, 47, 57, 45, 7, 52, 3, 54, 37, 17, 5, 14, 31

Analysis Results :
size: 60, 1416
average_degree: 23.6
top_5_highest_degrees: 29, 29, 29, 30, 33
top_5_lowest_degrees: 16, 18, 18, 19, 19
in_degrees: 25, 25, 19, 27, 28, 21, 27, 18, 23, 24
out_degrees: 29, 29, 29, 30, 33, 16, 18, 18, 19, 19
degree_counts: {29: 5, 26: 8, 19: 6, 24: 4, 27: 2, 21: 5, 30: 1, 23: 8, 22: 7, 16: 1, 28: 2, 20: 3, 25: 5, 18: 2, 33: 1}
in_degree_counts: {25: 2, 19: 1, 27: 2, 28: 1, 21: 1, 18: 1, 23: 1, 24: 1}
out_degree_counts: {29: 3, 30: 1, 33: 1, 16: 1, 18: 2, 19: 2}
graph_is: The graph is cyclic.
sum_of_in_degrees: 237
sum_of_out_degrees: 240
