Random Generated Graph :
0: 11, 22, 53, 41, 38, 26, 30, 45, 31, 14, 34, 24, 49, 37, 33, 12, 58, 23, 32, 35, 20, 21, 18
1: 31, 30, 49, 9, 2, 6, 20, 34, 7, 40, 17, 32, 58, 27, 23, 25, 13, 50
2: 8, 52, 3, 41, 15, 4, 51, 46, 57, 38, 19, 6, 47, 0, 43, 25, 9, 11, 35, 30, 44, 39, 7, 55
3: 41, 5, 15, 10, 28, 56, 31, 57, 4, 21, 8, 25, 0, 32, 11, 1, 59, 19, 29, 47, 33, 55, 52
4: 54, 3, 33, 1, 59, 38, 25, 26, 37, 28, 41, 29, 50, 21, 30, 2, 58, 17, 39, 16, 48, 13, 51, 9
5: 30, 16, 12, 58, 37, 24, 0, 50, 59, 21, 33, 47, 26, 2, 13, 25, 3, 51, 14, 9, 35, 38, 45, 8, 1, 29
6: 35, 37, 45, 50, 27, 5, 25, 56, 54, 47, 39, 10, 22, 23, 44, 24, 11, 33, 17, 53, 32, 59, 28, 26, 31, 0, 40, 9
7: 54, 53, 50, 2, 28, 31, 46, 48, 52, 3, 51, 55, 19, 43, 12, 16, 6, 35, 34, 23, 11, 20, 8, 56, 29
8: 50, 17, 10, 20, 38, 48, 31, 33, 13, 36, 23, 43, 12, 26, 55, 35, 28, 3
9: 57, 46, 38, 24, 55, 37, 2, 18, 49, 36, 13, 11, 15, 47, 22, 54, 56, 59, 7, 58, 12, 26, 5
10: 33, 27, 39, 11, 28, 5, 1, 54, 43, 44, 42, 50, 0, 26, 25, 22, 29, 57, 36, 38, 4, 34
11: 55, 16, 14, 8, 50, 9, 26, 32, 23, 4, 51, 38, 5, 6, 43, 39, 3, 57, 53, 27, 24, 1, 52, 37, 48, 47, 15
12: 29, 27, 15, 8, 5, 26, 42, 19, 34, 32, 23, 31, 50, 22, 7, 6, 37, 36, 1, 55, 21, 48, 14, 52
13: 23, 19, 39, 14, 33, 8, 40, 2, 16, 9, 41, 32, 48, 10, 17, 0, 22, 56, 55, 12, 46, 1, 51, 30, 42, 45, 59, 26
14: 3, 10, 52, 5, 16, 17, 57, 33, 12, 34, 25, 32, 26, 46, 29, 54, 15, 11, 9, 47, 41, 1, 37, 7, 39, 19, 22, 21, 2, 40, 30
15: 17, 22, 31, 29, 33, 49, 4, 1, 44, 19, 12, 37, 45, 18, 21, 13, 28, 26, 36, 34, 0, 52, 35, 38
16: 36, 7, 56, 19, 21, 46, 20, 39, 50, 32, 14, 43, 42, 54, 55, 37, 24, 27, 51, 45, 28, 26, 23
17: 20, 50, 45, 19, 6, 35, 5, 41, 15, 27, 1, 36, 3, 30, 55, 25, 4, 59, 33, 57, 51, 7, 39, 49, 29
18: 23, 12, 25, 52, 16, 7, 6, 34, 19, 51, 40, 13, 44, 28, 53, 41, 43, 26, 57, 20, 11, 48, 32, 36
19: 10, 24, 27, 41, 35, 37, 30, 51, 40, 58, 49, 5, 53, 16, 14, 43, 28, 15, 39, 42, 13
20: 23, 2, 41, 16, 48, 10, 43, 54, 45, 58, 38, 51, 15, 44, 30, 52, 27, 40, 24, 34, 12, 57, 3, 42, 59, 6, 13, 18, 39
21: 1, 27, 20, 2, 49, 25, 5, 34, 31, 48, 8, 4, 56, 23, 36, 50, 43, 55, 11
22: 27, 52, 31, 9, 25, 15, 41, 49, 10, 17, 48, 50, 43, 53, 58, 59, 28, 38, 54, 16, 6
23: 57, 27, 12, 39, 2, 31, 17, 19, 37, 11, 36, 51, 16, 6, 7, 13, 59, 47, 29
24: 17, 40, 48, 38, 55, 50, 35, 49, 45, 51, 53, 16, 30, 15, 25, 19, 10, 20, 13, 56
25: 56, 24, 27, 59, 26, 6, 40, 16, 28, 8, 50, 35, 58, 49, 2, 39, 55, 15, 9, 57, 30, 34, 52
26: 51, 15, 14, 25, 54, 37, 36, 35, 47, 55, 52, 49, 9, 56, 30, 59, 17, 22, 13
27: 57, 15, 50, 0, 6, 55, 31, 9, 12, 41, 3, 13, 11, 29, 53, 45, 26, 20, 2, 52, 28, 56, 43, 47, 48
28: 46, 56, 5, 47, 57, 4, 3, 29, 35, 18, 24, 50, 7, 25, 1, 31, 49, 43, 45, 27
29: 58, 56, 39, 23, 3, 32, 36, 49, 4, 2, 55, 14, 38, 7, 1, 18, 9, 44, 54, 43, 5, 20, 6, 41, 50, 25, 27, 13
30: 19, 50, 15, 0, 10, 21, 9, 52, 38, 23, 16, 4, 29, 2, 14, 20, 43, 41, 1, 42, 5, 40, 3, 8, 55, 13, 18, 44, 24
31: 3, 35, 39, 33, 17, 36, 51, 57, 23, 38, 14, 40, 24, 7, 0, 16, 43, 55, 54, 28, 49, 12, 8
32: 50, 38, 30, 10, 44, 42, 55, 0, 25, 3, 18, 28, 51, 2, 53, 26, 33, 6, 7, 35, 56, 24
33: 43, 28, 57, 0, 39, 30, 51, 35, 23, 38, 47, 52, 42, 40, 7, 11, 19, 44, 59, 1, 58, 36, 29, 45, 56
34: 29, 45, 42, 49, 44, 56, 55, 46, 23, 20, 35, 11, 13, 32, 59, 36, 48, 53, 7, 40
35: 14, 2, 26, 54, 1, 21, 36, 27, 37, 0, 13, 32, 22, 16, 39, 31, 58, 18, 15, 57, 25, 28, 53, 5, 11, 52, 24, 59, 7, 51, 12, 8
36: 47, 22, 27, 54, 32, 7, 31, 56, 33, 19, 16, 13, 40, 52, 0, 17, 38, 39, 28
37: 58, 28, 6, 30, 39, 34, 26, 33, 24, 20, 22, 57, 49, 9, 23, 10, 41, 7, 53, 0, 45
38: 6, 25, 55, 34, 29, 8, 18, 13, 11, 46, 2, 10, 56, 30, 53, 22, 1, 31, 51, 19, 40
39: 0, 17, 34, 1, 37, 57, 36, 29, 14, 59, 26, 11, 31, 15, 25, 40, 28, 19, 45, 16, 55
40: 0, 24, 14, 3, 41, 37, 29, 43, 4, 34, 46, 1, 33, 31, 39, 49, 38, 18, 17, 20, 9, 56, 6, 42, 19
41: 26, 56, 6, 42, 35, 57, 20, 49, 23, 50, 27, 21, 15, 37, 47, 51, 55, 24, 1, 45, 32
42: 36, 56, 55, 23, 32, 20, 14, 57, 51, 50, 2, 28, 19, 29, 15, 39, 1, 31, 6, 25, 27, 33, 26, 34
43: 0, 52, 38, 46, 58, 31, 45, 21, 5, 27, 2, 57, 25, 55, 4, 17, 22, 30, 48, 54, 20, 51
44: 53, 45, 50, 43, 35, 55, 42, 11, 59, 56, 30, 20, 16, 40, 31, 49, 51, 3, 23, 17, 36, 26, 18, 52, 13, 37
45: 46, 53, 22, 49, 50, 55, 23, 43, 29, 28, 18, 48, 7, 11, 52, 59, 9, 40, 36, 2, 20, 19, 21, 24, 13, 10, 26, 42, 39, 56, 38, 3
46: 5, 22, 2, 41, 47, 37, 38, 48, 54, 1, 56, 30, 9, 14, 21, 43, 35, 44, 7, 11, 3, 24, 51, 57, 53
47: 2, 17, 22, 3, 25, 33, 11, 31, 41, 12, 15, 48, 7, 34, 38, 27, 29, 43, 8, 6, 54, 51
48: 27, 31, 24, 16, 7, 11, 21, 29, 20, 34, 54, 39, 26, 59, 10, 12, 50, 38, 45, 58, 32, 23, 5, 2, 15
49: 53, 17, 11, 59, 33, 15, 32, 55, 39, 41, 2, 10, 0, 20, 22, 47, 13, 14, 1, 21, 5, 42, 45
50: 24, 27, 46, 37, 58, 18, 36, 15, 22, 44, 10, 56, 7, 39, 11, 38, 34, 53, 9, 45, 4, 57, 28, 49, 33, 2, 31
51: 25, 0, 5, 15, 10, 3, 12, 9, 26, 33, 29, 7, 1, 55, 37, 23, 40, 54, 6, 8
52: 6, 36, 16, 30, 28, 1, 10, 3, 37, 25, 46, 23, 44, 0, 26, 57, 39, 20, 12, 21, 8, 34, 50, 13
53: 33, 31, 28, 1, 10, 58, 44, 18, 26, 12, 2, 8, 30, 0, 56, 38, 54, 34, 16, 9, 57, 24
54: 19, 38, 4, 39, 49, 13, 34, 51, 6, 27, 53, 43, 35, 5, 40, 57, 7, 11
55: 35, 1, 12, 32, 4, 21, 16, 45, 2, 29, 37, 50, 44, 13, 39, 41, 43, 27, 30
56: 46, 13, 19, 40, 22, 58, 32, 4, 37, 23, 33, 17, 55, 28, 12, 15, 30, 7, 8, 45, 41, 27, 49, 38, 54, 43, 5, 31, 26, 42, 51, 11, 16, 25, 44
57: 58, 11, 3, 5, 7, 1, 39, 16, 50, 28, 21, 0, 4, 23, 53, 48, 44, 10, 9, 41, 31, 56, 24, 46
58: 27, 28, 42, 55, 34, 26, 4, 20, 19, 39, 38, 54, 2, 35, 0, 21, 44, 43, 6, 17, 29, 49, 51, 50
59: 51, 40, 21, 47, 4, 41, 9, 44, 42, 22, 52, 14, 35, 7, 8, 25, 30, 17, 31, 15, 55

Analysis Results :
size: 60, 1416
average_degree: 23.6
top_5_highest_degrees: 29, 31, 32, 32, 35
top_5_lowest_degrees: 18, 18, 18, 19, 19
in_degrees: 25, 18, 24, 23, 27, 28, 19, 22, 21, 27
out_degrees: 29, 31, 32, 32, 35, 18, 18, 18, 19, 19
degree_counts: {23: 7, 18: 3, 24: 9, 26: 2, 28: 3, 25: 7, 22: 5, 27: 2, 31: 1, 21: 7, 29: 2, 19: 5, 20: 4, 32: 2, 35: 1}
in_degree_counts: {25: 1, 18: 1, 24: 1, 23: 1, 27: 2, 28: 1, 19: 1, 22: 1, 21: 1}
out_degree_counts: {29: 1, 31: 1, 32: 2, 35: 1, 18: 3, 19: 2}
graph_is: The graph is cyclic.
sum_of_in_degrees: 234
sum_of_out_degrees: 251
