Random Generated Graph :
0: 36, 46, 22, 10, 37, 55, 21, 23, 7, 35, 13, 1, 5, 53, 39
1: 55, 31, 58, 32, 18, 52, 59, 54, 36, 0, 43, 5, 4, 39, 26, 21, 9, 19, 35, 45, 2, 42, 29, 13
2: 56, 44, 45, 37, 19, 25, 22, 16, 1, 40, 33, 38, 53, 28, 14, 43, 29, 57, 32, 24, 7, 36, 30, 58, 3, 46, 15
3: 42, 41, 52, 34, 21, 51, 59, 14, 56, 31, 23, 29, 49, 15, 57, 58, 46, 11, 4, 16, 37, 39
4: 29, 24, 51, 42, 26, 58, 19, 0, 54, 50, 8, 28, 25, 20, 47, 10, 30, 22, 12, 37, 17, 40, 2, 3, 53
5: 16, 17, 29, 37, 27, 2, 44, 6, 3, 7, 28, 49, 54, 58, 15, 55, 53, 43, 46, 40, 59, 23, 57, 38, 56, 41
6: 56, 21, 8, 34, 5, 2, 15, 51, 19, 36, 38, 0, 46, 42, 57, 39, 37, 59, 30, 28, 22, 23, 55, 52, 35
7: 15, 45, 16, 34, 3, 22, 47, 33, 52, 28, 31, 1, 36, 40, 14, 49, 19, 58, 48, 17, 54, 9, 29, 2, 43
8: 0, 35, 3, 18, 12, 7, 15, 27, 55, 17, 59, 51, 56, 14, 49, 22, 53, 21, 54, 47, 29, 44, 11, 48, 38, 46, 45
9: 53, 37, 1, 58, 7, 56, 13, 21, 47, 17, 51, 42, 45, 15, 38, 54, 11, 50, 31, 5, 14, 29, 18, 2, 44, 32, 48, 35
10: 28, 14, 39, 52, 38, 3, 21, 15, 33, 32, 23, 8, 29, 0, 22, 12, 37, 42, 31
11: 7, 42, 5, 23, 46, 12, 22, 52, 2, 59, 32, 33, 0, 4, 49, 16, 6, 48, 8, 19, 25, 50, 51, 1, 26, 27, 24, 21
12: 35, 9, 43, 37, 50, 0, 47, 52, 6, 33, 41, 34, 38, 25, 29, 55, 2, 42, 22, 17, 11, 14, 4
13: 7, 48, 0, 29, 19, 21, 12, 23, 15, 10, 45, 38, 27, 36, 3, 53, 14, 28, 56, 58, 35, 9, 41
14: 41, 34, 36, 52, 19, 5, 31, 38, 21, 49, 22, 44, 30, 0, 23, 10, 2, 9, 26, 24, 11, 29, 45, 37, 40, 43, 1
15: 57, 2, 19, 14, 22, 30, 41, 16, 36, 0, 6, 32, 10, 18, 8, 5, 49, 53, 52, 7, 11, 58, 20, 55, 46, 33
16: 57, 53, 11, 43, 7, 9, 49, 6, 34, 54, 35, 48, 51, 24, 20, 13, 15, 22, 55, 30
17: 46, 48, 32, 33, 1, 0, 4, 18, 3, 56, 34, 9, 35, 41, 36, 22, 45, 14, 2, 21, 59, 47, 19, 58, 29
18: 31, 0, 24, 1, 42, 20, 19, 23, 14, 49, 3, 46, 35, 57, 7, 6, 59, 8, 53, 34, 37, 21, 27, 12, 32
19: 21, 34, 53, 42, 23, 4, 41, 46, 27, 33, 16, 38, 26, 54, 0, 17, 22, 6, 51, 13, 35, 2, 47, 43, 28
20: 38, 9, 43, 14, 25, 16, 32, 7, 12, 37, 13, 6, 41, 31, 48, 57, 24, 50, 11, 28, 15, 27, 5, 29, 19, 34, 17
21: 37, 14, 54, 49, 57, 8, 18, 9, 47, 33, 0, 25, 7, 45, 6, 26, 29, 35, 28, 34, 16, 12, 43, 36
22: 26, 20, 57, 30, 51, 23, 33, 17, 24, 35, 14, 46, 42, 8, 6, 54, 43, 18, 56, 55, 1, 39, 13, 45, 3, 36
23: 3, 10, 44, 31, 29, 7, 54, 21, 58, 4, 52, 39, 28, 8, 56, 15, 17, 37
24: 28, 42, 41, 16, 23, 53, 44, 0, 36, 34, 33, 5, 58, 25, 32, 3, 45, 38, 6, 10, 30, 27, 50
25: 28, 24, 48, 4, 36, 8, 27, 5, 12, 38, 29, 37, 44, 16, 31, 13, 2, 32, 40, 21, 23, 43, 35, 15, 45, 58, 19
26: 47, 35, 1, 44, 16, 22, 11, 20, 27, 13, 4, 36, 21, 54, 24, 57, 6
27: 47, 14, 8, 33, 32, 36, 51, 6, 22, 45, 44, 59, 58, 0, 25, 48, 29, 15, 57, 56, 17, 20, 40
28: 51, 58, 44, 33, 26, 45, 24, 20, 53, 12, 46, 14, 16, 2, 13, 59, 22, 40, 17, 54, 35, 7, 29, 10, 6, 21, 50, 43, 31
29: 41, 14, 9, 46, 13, 31, 59, 33, 18, 53, 25, 40, 30, 55, 11, 26, 56, 17, 15, 28, 57, 12, 1, 4, 39, 43, 0, 23, 52
30: 26, 28, 46, 1, 35, 23, 45, 7, 38, 9, 17, 16, 6, 54, 52, 22, 12, 20, 40, 55, 14, 5, 36, 18, 48, 24
31: 12, 21, 3, 22, 15, 9, 40, 53, 0, 57, 27, 1, 7, 24, 30, 55, 52, 48, 20, 16, 46
32: 15, 13, 27, 47, 9, 31, 52, 35, 10, 57, 40, 25, 55, 5, 12, 50, 19, 58, 23, 2, 26, 49, 46, 16, 38, 41
33: 51, 0, 31, 12, 15, 54, 25, 37, 32, 13, 17, 2, 4, 11, 20, 29, 45, 14, 57, 58, 24, 3, 56, 22, 9, 40, 21
34: 22, 20, 6, 56, 55, 52, 30, 0, 24, 35, 37, 44, 40, 2, 18, 1, 11, 10, 49, 53, 46, 14, 58, 3, 9, 13, 21, 48, 16, 23, 57
35: 11, 50, 33, 53, 10, 59, 18, 55, 7, 0, 14, 12, 57, 8, 1, 5, 42, 21, 44, 20, 43, 58, 54
36: 15, 2, 51, 12, 7, 9, 24, 14, 37, 53, 46, 57, 0, 31, 13, 3, 26, 29, 18, 59
37: 10, 41, 38, 45, 58, 12, 27, 29, 42, 33, 20, 39, 2, 3, 6, 23, 44, 22, 56, 59, 14, 1, 43, 5
38: 9, 7, 56, 37, 54, 19, 52, 46, 23, 24, 47, 58, 18, 27, 30, 50, 20, 28, 21, 49, 36, 31, 22, 42, 1
39: 57, 1, 43, 47, 26, 9, 28, 58, 5, 33, 23, 12, 29, 34, 10, 0, 42, 4, 55, 27, 48
40: 31, 55, 13, 27, 19, 45, 59, 46, 12, 16, 22, 32, 29, 49, 9, 8, 0, 56, 10, 7
41: 6, 45, 20, 26, 56, 36, 23, 47, 2, 5, 19, 18, 1, 30, 48, 42, 15, 14, 54, 38, 27, 16, 4, 31, 39, 21, 58, 49
42: 59, 56, 57, 17, 47, 2, 44, 41, 31, 14, 24, 37, 52, 51, 5, 8, 35, 48, 43, 10, 19, 13, 34
43: 25, 0, 22, 48, 18, 8, 19, 31, 11, 13, 16, 55, 6, 2, 35, 15, 10, 29, 53, 59, 28, 17
44: 5, 33, 9, 56, 57, 18, 13, 23, 43, 0, 55, 39, 21, 4, 34, 58, 8, 10, 49
45: 29, 33, 11, 56, 31, 6, 35, 3, 58, 9, 43, 49, 47, 40, 32, 55, 53, 17, 54, 28, 52, 0
46: 56, 31, 12, 34, 11, 58, 33, 0, 10, 45, 17, 1, 21, 26, 7, 22, 30, 32, 9, 59, 42, 51, 41, 4, 35
47: 0, 33, 23, 9, 13, 12, 37, 41, 45, 22, 8, 26, 1, 21, 28, 32, 19, 55, 40, 48, 58, 6, 54, 25
48: 25, 20, 29, 33, 43, 42, 39, 59, 26, 56, 58, 38, 32, 0, 57, 19, 14, 7, 1
49: 30, 28, 26, 18, 3, 55, 54, 50, 29, 10, 52, 40, 6, 25, 9, 44, 53
50: 29, 3, 56, 11, 27, 57, 48, 9, 46, 59, 15, 33, 43, 31, 26, 19
51: 11, 41, 30, 1, 40, 5, 48, 28, 34, 35, 33, 39, 25, 46, 23, 4, 57, 53, 59, 27, 37, 20, 29, 58
52: 33, 51, 55, 48, 56, 22, 23, 50, 20, 35, 18, 17, 58, 2, 7, 10, 9, 37, 46, 41, 19, 30, 1, 27, 47
53: 52, 31, 40, 20, 49, 18, 30, 50, 27, 2, 9, 21, 17, 26, 36, 3, 19, 51, 43, 23, 32
54: 28, 21, 7, 27, 16, 32, 30, 47, 14, 52, 19, 55, 5, 36, 51, 12, 59, 23, 38, 56, 20, 31, 26, 9, 39, 44, 13, 58
55: 32, 59, 21, 25, 39, 56, 51, 27, 12, 17, 4, 0, 3, 53, 16, 11, 35, 19, 48, 50, 14, 5, 29, 7, 23, 45
56: 58, 51, 47, 0, 5, 20, 30, 45, 9, 2, 41, 3, 12, 8, 37, 24, 33
57: 45, 24, 55, 9, 47, 3, 20, 19, 42, 32, 5, 38, 27, 29, 11, 30, 16, 59, 44, 43, 37, 49, 31
58: 31, 37, 19, 2, 4, 15, 6, 46, 20, 38, 12, 30, 1, 17, 9, 28, 55, 23, 49, 32, 5, 16, 57
59: 52, 48, 51, 44, 13, 43, 34, 17, 10, 39, 40, 38, 21, 11, 6, 14, 36, 2, 22, 12, 29, 56

Analysis Results :
size: 60, 1416
average_degree: 23.6
top_5_highest_degrees: 28, 28, 29, 29, 31
top_5_lowest_degrees: 15, 16, 17, 17, 17
in_degrees: 19, 21, 24, 33, 18, 32, 14, 21, 20, 28
out_degrees: 28, 28, 29, 29, 31, 15, 16, 17, 17, 17
degree_counts: {15: 1, 24: 5, 27: 6, 22: 4, 25: 9, 26: 6, 28: 4, 19: 3, 23: 8, 20: 3, 18: 1, 17: 3, 29: 2, 21: 3, 31: 1, 16: 1}
in_degree_counts: {19: 1, 21: 2, 24: 1, 33: 1, 18: 1, 32: 1, 14: 1, 20: 1, 28: 1}
out_degree_counts: {28: 2, 29: 2, 31: 1, 15: 1, 16: 1, 17: 3}
graph_is: The graph is cyclic.
sum_of_in_degrees: 230
sum_of_out_degrees: 227
