Random Generated Graph :
0: 5, 16, 41, 1, 39, 12, 6, 27, 10, 43, 14, 4, 55, 45, 46, 24, 28, 36, 31, 3, 2, 34, 49
1: 34, 26, 22, 57, 4, 37, 16, 8, 51, 33, 25, 41, 45, 17, 39, 50, 31, 44, 7, 52, 5, 59, 48, 24, 2, 32, 56, 20
2: 19, 0, 24, 48, 45, 53, 33, 42, 14, 16, 49, 25, 13, 40, 31, 9, 8, 7, 29, 57, 22, 17, 20, 32, 37, 21, 4
3: 47, 57, 59, 35, 43, 52, 34, 6, 5, 12, 19, 11, 31, 51, 58, 50, 37, 18, 16, 13, 8, 36
4: 40, 29, 23, 34, 55, 10, 31, 27, 28, 36, 49, 1, 19, 18, 48, 50, 37, 57, 53, 52, 41, 25, 46, 33, 14, 11
5: 58, 54, 1, 28, 34, 7, 19, 13, 30, 32, 44, 33, 46, 21, 40, 50, 48, 3, 17, 29, 2, 27, 12, 24
6: 30, 31, 57, 9, 43, 44, 59, 20, 36, 11, 34, 58, 4, 25, 12, 19, 14, 48, 16, 50, 2, 49, 42, 15
7: 21, 32, 5, 13, 51, 6, 44, 42, 53, 52, 18, 11, 20, 38, 30, 25, 37, 0, 47, 22, 16, 27
8: 15, 34, 20, 52, 26, 48, 19, 35, 9, 39, 16, 43, 7
9: 35, 3, 2, 10, 13, 33, 27, 0, 54, 29, 20, 34, 46, 7, 38, 21, 51, 43, 31, 32, 44, 56, 30, 25
10: 29, 47, 45, 56, 57, 40, 26, 52, 50, 33, 59, 58, 36, 9, 15, 38, 39, 27, 51, 35, 53, 17, 25
11: 21, 33, 42, 43, 26, 17, 56, 48, 22, 13, 29, 6, 37, 59, 54, 50, 44, 34, 7, 35, 39, 0
12: 14, 56, 29, 49, 42, 44, 3, 16, 35, 30, 55, 48, 6, 57, 38, 11, 10, 52, 9, 28, 45, 18, 58, 4, 47, 50, 0
13: 35, 55, 24, 4, 30, 14, 20, 37, 2, 49, 44, 12, 18, 56, 19, 0, 9, 28, 16, 32, 54, 27, 25, 53, 21, 10
14: 49, 45, 7, 52, 48, 31, 18, 10, 36, 22, 57, 15, 26, 3, 33, 39, 38, 17, 53, 55, 5, 37
15: 45, 42, 2, 34, 28, 49, 35, 39, 0, 23, 53, 56, 55, 5, 4, 19, 32, 50, 48, 1, 30
16: 0, 5, 11, 31, 13, 26, 40, 46, 28, 32, 23, 1, 45, 6, 19, 50, 17, 38, 34, 47, 27, 55, 29, 3, 37, 51, 22, 56, 48, 39
17: 49, 58, 55, 13, 36, 33, 2, 27, 4, 45, 41, 53, 1, 15, 56, 24, 26, 18, 46, 23, 59, 52, 14, 38, 10
18: 14, 6, 52, 53, 20, 22, 50, 11, 2, 51, 37, 42, 4, 40, 54, 15, 39, 12, 26, 1, 46, 25, 5, 36, 13
19: 43, 37, 44, 45, 47, 27, 42, 21, 59, 30, 6, 57, 13, 24, 12, 26, 15, 54, 52, 38, 28, 53, 17, 50, 16, 14, 3, 9, 55, 7, 25
20: 10, 57, 54, 55, 49, 8, 47, 53, 11, 23, 28, 52, 58, 41, 3, 42, 17, 43, 51, 45, 59, 4, 46, 29
21: 33, 34, 35, 43, 58, 14, 42, 3, 48, 22, 47, 28, 27, 55, 50, 9, 29, 7, 18, 5, 13, 1, 24
22: 11, 8, 30, 41, 31, 7, 14, 34, 28, 39, 48, 32, 5, 50, 3, 46, 16, 10, 4, 35
23: 7, 51, 14, 24, 45, 16, 5, 46, 59, 10, 13, 49, 39, 25, 19, 2, 30, 58, 56, 4, 48, 3, 38, 54, 20, 17, 57
24: 40, 38, 36, 30, 48, 37, 5, 16, 47, 28, 26, 15, 35, 3, 50, 13, 27, 8, 56, 43, 4, 57, 23, 58
25: 31, 22, 42, 58, 52, 11, 0, 47, 13, 49, 18, 10, 6, 54, 24, 4, 50, 32, 43, 3, 35, 1
26: 54, 1, 15, 34, 36, 2, 8, 52, 7, 56, 11, 23, 48, 29, 39, 38, 21, 20, 53, 50, 10, 28, 41
27: 23, 49, 15, 0, 38, 33, 11, 6, 50, 24, 3, 40, 26, 57, 2, 53, 52, 14, 44, 32, 55, 29, 35, 47, 41, 28, 4, 1, 48
28: 18, 2, 3, 16, 20, 48, 36, 5, 24, 58, 10, 32, 53, 17, 45, 42, 51
29: 13, 35, 1, 39, 8, 15, 58, 42, 40, 31, 56, 20, 12, 59, 17, 30, 44, 16, 57, 33, 19, 52, 54, 37, 24
30: 58, 46, 2, 56, 23, 24, 42, 27, 45, 44, 17, 0, 22, 57, 13, 59, 40, 39, 6, 47
31: 45, 36, 59, 27, 50, 17, 30, 46, 54, 1, 18, 23, 39, 2, 15, 38, 12, 22, 7, 57, 35, 0, 28, 49, 13, 26
32: 41, 57, 24, 56, 7, 48, 22, 29, 31, 3, 25, 16, 20, 14, 2, 46, 15, 11, 13, 33, 44, 27, 5, 1
33: 16, 5, 19, 29, 10, 30, 35, 57, 58, 55, 4, 46, 6, 8, 14, 32, 24, 45, 1, 12, 26, 53, 52, 43, 0, 54, 25
34: 38, 25, 11, 5, 16, 26, 20, 30, 52, 3, 51, 40, 37, 7, 56, 12, 17, 28, 10, 29, 21
35: 0, 41, 34, 52, 24, 1, 17, 38, 54, 23, 57, 53, 36, 47, 16, 42, 45, 15, 11, 8, 4, 5, 56, 51
36: 43, 25, 24, 14, 0, 4, 46, 56, 59, 11, 39, 17, 8, 35, 18, 30, 23, 53, 19, 26, 57, 40, 29, 5, 54, 15, 20
37: 46, 39, 36, 11, 15, 56, 55, 50, 42, 33, 16, 29, 10, 9, 6, 59, 44, 5, 27, 41, 35, 52
38: 51, 57, 28, 39, 16, 10, 23, 20, 37, 22, 24, 31, 50, 30, 36, 58, 11, 59, 9, 3, 7, 49, 48, 56, 17, 44, 18
39: 41, 38, 12, 19, 5, 22, 24, 34, 29, 7, 43, 16, 15, 45, 47, 25, 58, 53, 13, 3, 27
40: 59, 4, 39, 46, 28, 42, 45, 41, 52, 9, 29, 6, 44, 11, 53, 23, 5, 33, 26, 25
41: 43, 26, 21, 13, 31, 22, 3, 53, 56, 33, 23, 7, 27, 40, 57, 2, 29, 36, 1
42: 58, 29, 41, 2, 21, 52, 10, 49, 18, 14, 32, 17, 25, 12, 30, 57, 40, 37, 50, 3, 9, 19, 36, 0, 23, 13, 5, 34
43: 12, 15, 40, 10, 9, 2, 19, 13, 25, 23, 28, 44, 53, 6, 14, 24, 7, 47, 49, 41, 52, 37, 35, 0, 26, 1, 59
44: 6, 30, 31, 23, 0, 5, 19, 40, 14, 37, 38, 26, 16, 52, 28, 39, 2, 51, 58, 55, 22, 24, 21, 29, 49, 41, 48, 46, 13, 32
45: 27, 12, 2, 25, 46, 10, 34, 9, 19, 29, 32, 48, 33, 7, 50, 0, 49, 30, 44, 16, 47, 20, 15, 6, 31, 40, 1
46: 28, 16, 7, 54, 50, 36, 10, 58, 4, 12, 55, 34, 20, 56, 14, 42, 23, 26, 47, 27, 33, 2
47: 25, 16, 55, 56, 45, 53, 6, 21, 52, 33, 39, 24, 35, 2, 9, 12, 43, 26, 42, 46
48: 40, 11, 20, 12, 10, 22, 8, 29, 44, 0, 26, 50, 7, 6, 33, 47, 27, 19, 34, 21, 32, 55, 54
49: 50, 16, 36, 14, 27, 12, 26, 21, 15, 7, 3, 10, 11, 28, 0, 9, 56, 24, 42, 6, 44, 17
50: 43, 57, 28, 39, 32, 58, 22, 17, 54, 35, 8, 20, 13, 12, 4, 9, 19, 37, 55, 48, 52, 7, 21, 46, 41
51: 6, 50, 30, 53, 35, 19, 34, 48, 25, 54, 57, 44, 18, 39, 36, 2, 38, 20, 15, 13, 10
52: 2, 9, 36, 29, 23, 58, 0, 53, 1, 56, 47, 33, 28, 38, 7, 55, 13, 15, 30, 44, 34, 10, 57, 31, 24
53: 28, 16, 11, 15, 13, 41, 47, 55, 49, 0, 1, 2, 14, 37, 25, 23, 31, 46, 22, 18, 35, 39
54: 52, 33, 55, 20, 1, 6, 38, 16, 14, 37, 57, 25, 8, 53, 23, 3, 26, 48, 56, 11, 13, 4, 0, 50, 27, 7, 44
55: 14, 51, 7, 16, 32, 38, 11, 17, 23, 4, 19, 27, 59, 42, 57, 52, 25, 50, 33, 18, 9, 28, 37
56: 23, 31, 11, 47, 55, 14, 9, 28, 44, 0, 5, 38, 22, 59, 57, 53, 34, 4, 43, 2
57: 56, 35, 47, 31, 22, 13, 53, 0, 49, 46, 6, 42, 27, 43, 30, 19, 59, 28, 18, 38, 52
58: 13, 16, 54, 9, 32, 25, 29, 42, 55, 46, 57, 48, 21, 37, 36, 56, 38, 51, 40
59: 46, 5, 0, 56, 10, 42, 2, 11, 7, 53, 44, 36, 19, 23, 14, 55, 33

Analysis Results :
size: 60, 1416
average_degree: 23.6
top_5_highest_degrees: 28, 29, 30, 30, 31
top_5_lowest_degrees: 13, 17, 17, 19, 19
in_degrees: 24, 25, 31, 25, 24, 14, 28, 20, 18, 22
out_degrees: 28, 29, 30, 30, 31, 13, 17, 17, 19, 19
degree_counts: {23: 6, 28: 2, 27: 9, 22: 9, 26: 3, 24: 7, 13: 1, 21: 5, 30: 2, 25: 5, 31: 1, 20: 5, 29: 1, 17: 2, 19: 2}
in_degree_counts: {24: 2, 25: 2, 31: 1, 14: 1, 28: 1, 20: 1, 18: 1, 22: 1}
out_degree_counts: {28: 1, 29: 1, 30: 2, 31: 1, 13: 1, 17: 2, 19: 2}
graph_is: The graph is cyclic.
sum_of_in_degrees: 231
sum_of_out_degrees: 233
