Random Generated Graph :
0: 35, 49, 42, 48, 26, 43, 10, 32, 51, 33, 22, 2, 6, 17, 29, 16, 24, 23, 4, 34, 55
1: 29, 24, 16, 48, 50, 45, 2, 18, 47, 12, 44, 31, 33, 25, 37, 32, 34, 57, 7, 23, 40, 46, 58, 39, 43, 28
2: 21, 30, 28, 49, 22, 45, 7, 41, 38, 4, 39, 44, 17, 8, 12, 1, 15, 55, 36, 3, 33, 56, 18, 25, 19, 35, 46, 32
3: 38, 6, 0, 26, 19, 18, 12, 11, 31, 33, 43, 41, 50, 15, 42, 32, 46, 55, 59, 45, 13, 23, 57, 35, 22
4: 59, 14, 19, 55, 36, 17, 0, 54, 26, 50, 42, 7, 52, 46, 13, 30, 39
5: 31, 46, 41, 43, 40, 48, 51, 20, 6, 15, 35, 1, 56, 26, 49, 53, 54, 29, 28, 2, 10, 58, 13, 57, 7
6: 31, 51, 27, 46, 0, 29, 7, 13, 1, 4, 41, 37, 35, 44, 14, 5, 56, 59, 22, 17, 40, 36
7: 35, 46, 24, 55, 3, 50, 14, 58, 39, 44, 21, 33, 12, 6, 36, 51, 47, 13, 31, 37, 1, 19, 29
8: 11, 28, 44, 52, 16, 38, 27, 9, 0, 1, 22, 35, 15, 30, 55, 24, 13, 56, 21, 34, 4, 6, 17, 14
9: 56, 25, 49, 30, 44, 28, 2, 29, 22, 0, 38, 55, 36, 31, 12, 16, 46, 35, 13, 50, 20, 23, 27, 26, 54, 57, 18, 1
10: 41, 57, 8, 15, 20, 31, 43, 30, 6, 50, 24, 32, 40, 19, 36, 59, 58, 17, 48, 56, 9, 46, 21, 33, 53
11: 43, 9, 19, 16, 58, 45, 21, 35, 8, 26, 30, 32, 41, 15, 13, 56, 55, 54, 12, 0, 22, 3, 48, 1, 51, 17
12: 51, 59, 29, 24, 52, 27, 11, 38, 50, 18, 55, 36, 30, 5, 19, 16, 0, 44, 1, 37, 17, 13, 41, 33, 22
13: 11, 35, 29, 7, 41, 46, 30, 45, 53, 54, 9, 59, 24, 19
14: 11, 43, 54, 15, 21, 52, 20, 24, 45, 36, 41, 39, 44, 4, 3, 17, 57, 30, 42, 46, 13, 48
15: 32, 16, 54, 4, 17, 53, 1, 6, 37, 7, 40, 10, 19, 56, 9, 3, 41, 28, 47, 39, 55, 21
16: 15, 52, 35, 41, 36, 56, 1, 25, 13, 29, 17, 28, 51, 37, 24, 18, 22, 7, 30, 11, 19, 3, 54, 26, 57, 44, 34, 58, 39, 32, 59, 12, 0
17: 32, 2, 33, 0, 35, 6, 53, 47, 58, 14, 54, 29, 15, 9, 4, 36, 52, 3, 11, 28, 51, 44, 25, 41, 46, 56
18: 59, 13, 54, 1, 2, 23, 48, 17, 53, 15, 34, 0, 33, 37, 41, 29, 27, 50, 11, 52, 8, 5, 51, 56
19: 8, 50, 53, 49, 55, 32, 38, 1, 25, 17, 56, 27, 5, 16, 52, 6, 47, 12, 43, 14, 45, 11, 57, 0, 46, 37
20: 48, 46, 17, 5, 8, 23, 28, 11, 50, 54, 57, 53, 15, 32, 9, 35, 6, 45, 58, 26, 1, 12, 36, 37, 25
21: 5, 12, 0, 14, 15, 37, 1, 52, 13, 3, 35, 57, 22, 46, 55, 39, 24, 45, 4, 56, 18, 6, 23, 38, 44, 34, 19
22: 46, 45, 39, 6, 0, 56, 42, 52, 51, 17, 30, 27, 3, 44, 49, 10, 7, 57, 1, 36, 53, 18, 41, 37, 29, 43
23: 10, 35, 34, 25, 58, 28, 50, 5, 40, 22, 7, 18, 3, 42, 12, 52, 4, 56, 44, 30
24: 57, 49, 51, 12, 31, 42, 46, 48, 43, 0, 6, 30, 2, 56, 38, 7, 59, 20, 44, 28, 1
25: 43, 18, 48, 22, 27, 0, 2, 31, 21, 1, 39, 19, 54, 44, 8, 3, 52, 34, 55, 16, 28, 24
26: 10, 48, 1, 30, 33, 25, 3, 44, 40, 35, 17, 56, 28, 29, 50, 19, 13, 24, 37, 6
27: 26, 10, 39, 31, 34, 37, 41, 28, 2, 44, 36, 23, 14, 38, 0, 57, 8, 15, 21, 52, 40, 49, 48, 9, 59, 45, 16
28: 46, 26, 15, 11, 47, 33, 41, 31, 40, 20, 10, 0, 5, 2, 53
29: 16, 3, 49, 14, 55, 0, 44, 15, 18, 32, 36, 12, 53, 24, 6, 35, 5, 43, 58, 39, 45, 25, 28, 52, 50
30: 12, 34, 54, 6, 47, 11, 52, 44, 26, 3, 0, 2, 1, 17, 58, 53, 19, 43, 21, 15, 36, 4, 24, 46, 40
31: 42, 57, 39, 17, 35, 29, 41, 18, 32, 38, 44, 43, 47, 22, 5, 10, 54, 37, 27, 34, 36, 20, 49, 33, 2, 45, 30, 40
32: 13, 20, 21, 6, 45, 41, 22, 51, 0, 19, 49, 27, 4, 30, 46, 17, 9, 7, 37, 33, 59, 38
33: 55, 7, 45, 56, 4, 21, 46, 43, 22, 18, 37, 47, 57, 0, 35, 13, 59, 38, 29, 50, 39, 40, 51, 19, 25, 2, 27, 31, 52, 28
34: 50, 23, 44, 52, 2, 59, 41, 26, 56, 21, 47, 7, 0, 29, 15, 12, 30, 14, 33, 54, 38, 43, 51, 9, 40, 46, 19, 6
35: 2, 33, 12, 42, 41, 57, 14, 17, 25, 22, 50, 20, 44, 19, 8, 45, 28, 54, 52, 26, 4, 38, 18, 39, 53
36: 39, 29, 19, 25, 56, 55, 58, 8, 13, 47, 51, 53, 35, 50, 37, 22, 10, 6, 16, 33, 52, 14, 7, 15, 34, 57, 24
37: 55, 51, 33, 19, 24, 14, 2, 4, 18, 44, 31, 9, 36, 25, 28, 52, 47, 32, 16, 45, 5, 30
38: 24, 25, 34, 27, 5, 2, 15, 20, 59, 3, 36, 10, 33, 55, 31, 52, 26, 42, 53, 22, 1, 16, 28, 14
39: 0, 36, 25, 51, 28, 5, 9, 43, 47, 46, 3, 23, 16, 42, 15, 41, 13, 37, 7, 54, 2, 56
40: 36, 42, 20, 49, 30, 18, 32, 19, 0, 3, 33, 2, 50, 45, 54, 28, 29, 9, 57, 6, 8, 27, 58, 12, 53
41: 46, 57, 32, 27, 34, 36, 1, 39, 21, 40, 3, 35, 56, 52, 17, 48, 26, 14, 10, 7
42: 29, 37, 18, 51, 32, 36, 16, 10, 33, 11, 47, 56, 25, 19, 4, 5, 38, 26, 58, 50, 55, 39, 8, 14, 35, 52
43: 48, 28, 29, 19, 42, 2, 53, 31, 26, 8, 13, 10, 12, 56, 35, 11, 9, 17, 57, 30, 18, 47, 22, 1, 37
44: 33, 2, 50, 38, 5, 3, 46, 7, 21, 35, 57, 17, 53, 31, 18, 42, 10, 8, 0, 29, 15, 47
45: 15, 55, 51, 5, 17, 10, 28, 33, 6, 50, 54, 13, 3, 32, 56, 31, 12
46: 12, 16, 21, 0, 25, 42, 11, 31, 30, 5, 26, 10, 15, 55, 6, 23, 8, 38, 19, 9, 56, 51, 22
47: 31, 19, 36, 52, 42, 6, 16, 5, 28, 39, 30, 13, 4, 57, 59, 40, 10, 50, 49, 44, 45, 0
48: 30, 59, 27, 8, 34, 58, 6, 39, 45, 41, 5, 51, 53, 22, 42, 9, 29, 36, 19, 37, 25, 35, 32, 56
49: 58, 52, 17, 0, 54, 13, 45, 18, 39, 43, 24, 25, 15, 28, 37, 40, 21, 2, 3, 11
50: 39, 52, 36, 2, 38, 12, 55, 30, 1, 4, 47, 29, 25, 15, 17
51: 32, 29, 57, 54, 36, 55, 11, 27, 31, 42, 38, 23, 46, 7, 22, 2, 6, 58, 49, 45, 52, 8
52: 43, 51, 40, 28, 48, 58, 54, 10, 13, 7, 15, 57, 50, 22, 35, 44, 36, 47, 49, 8, 27, 11
53: 44, 23, 0, 56, 4, 25, 27, 8, 32, 5, 45, 2, 43, 6, 3, 36, 1, 28, 9, 54, 13, 20, 7, 14
54: 51, 47, 9, 5, 41, 58, 6, 38, 39, 50, 43, 33, 53, 10, 11, 14, 45, 56, 36, 13, 34, 0
55: 17, 49, 25, 13, 26, 23, 34, 38, 5, 52, 37, 30, 24, 3, 51, 50, 31, 18, 58, 7, 40, 47, 43, 42, 21, 14, 56
56: 49, 18, 13, 50, 33, 23, 11, 1, 57, 42, 58, 40, 15, 25, 19, 47, 5, 6, 16, 4, 46, 59, 39, 29, 35, 8, 12, 51, 41, 17, 20, 28
57: 25, 14, 21, 10, 55, 36, 1, 0, 17, 47, 44, 58, 22, 2, 28, 18, 13, 29, 46, 4, 37, 54, 26, 56, 38
58: 45, 43, 35, 50, 51, 38, 15, 7, 31, 39, 41, 36, 4, 22, 55, 0, 26, 14, 49, 56, 28, 24
59: 26, 35, 40, 38, 13, 57, 51, 30, 10, 24, 29, 14, 46, 39, 7, 21, 20, 9

Analysis Results :
size: 60, 1416
average_degree: 23.6
top_5_highest_degrees: 28, 28, 30, 32, 33
top_5_lowest_degrees: 14, 15, 15, 17, 17
in_degrees: 22, 17, 24, 32, 19, 29, 30, 27, 21, 25
out_degrees: 28, 28, 30, 32, 33, 14, 15, 15, 17, 17
degree_counts: {21: 2, 26: 6, 28: 4, 25: 11, 17: 2, 22: 13, 23: 2, 24: 5, 14: 1, 33: 1, 27: 4, 20: 4, 15: 2, 30: 1, 32: 1, 18: 1}
in_degree_counts: {22: 1, 17: 1, 24: 1, 32: 1, 19: 1, 29: 1, 30: 1, 27: 1, 21: 1, 25: 1}
out_degree_counts: {28: 2, 30: 1, 32: 1, 33: 1, 14: 1, 15: 2, 17: 2}
graph_is: The graph is cyclic.
sum_of_in_degrees: 246
sum_of_out_degrees: 229
