Random Generated Graph :
0: 20, 53, 43, 49, 17, 8, 9, 56, 40, 25, 32, 54, 36, 28, 47, 2, 15, 14, 27, 10, 33, 18, 38, 46, 35, 4, 11, 50, 30, 3, 21, 31, 13, 44, 57
1: 48, 50, 29, 39, 21, 34, 20, 43, 52, 35, 44, 54, 32, 4, 8, 37, 51, 11, 5, 23, 42, 57
2: 48, 28, 22, 3, 15, 8, 25, 51, 13, 11, 59, 26, 57, 38, 23, 47, 44, 45, 34, 16
3: 56, 4, 25, 8, 41, 7, 30, 39, 55, 54, 22, 53, 15, 35, 6, 27, 16, 12, 24, 28, 59, 36, 45
4: 56, 14, 3, 10, 15, 18, 9, 20, 7, 47, 42, 31, 36, 2, 24, 59, 27, 29, 8, 16, 39, 33, 22, 32, 49, 26, 57, 52, 44, 41, 40, 21
5: 34, 20, 54, 39, 28, 10, 53, 46, 8, 59, 47, 41, 31, 30, 40, 18, 22, 51, 23, 15, 58, 0, 55, 45, 4, 2, 43, 1
6: 57, 33, 12, 22, 48, 31, 11, 21, 37, 1, 10, 42, 9, 30, 20, 13, 46, 5, 16, 38
7: 23, 12, 17, 32, 39, 14, 3, 59, 15, 1, 48, 37, 24, 53, 56
8: 54, 43, 37, 2, 52, 25, 46, 58, 27, 21, 6, 40, 42, 16, 18, 35, 12, 39, 32, 36, 49, 17, 47, 24
9: 34, 16, 41, 52, 20, 3, 33, 56, 48, 6, 32, 23, 30, 7, 25, 1, 38, 12, 45, 14, 44, 13
10: 58, 38, 23, 20, 3, 50, 32, 29, 33, 57, 21, 30, 46, 51, 4, 25, 7, 18, 48, 1
11: 51, 26, 14, 21, 1, 29, 43, 17, 35, 24, 4, 34, 7, 22, 44, 23, 32, 2, 39, 28, 3
12: 57, 41, 56, 34, 59, 54, 18, 52, 40, 47, 29, 8, 58, 19, 53, 33, 1, 51, 15, 4, 16, 17, 22, 44, 35, 10, 30
13: 0, 20, 33, 6, 7, 39, 10, 17, 36, 38, 23, 35, 59, 47, 30, 42, 1, 8, 29, 58, 28
14: 46, 20, 59, 38, 42, 7, 19, 37, 57, 29, 58, 31, 49, 52, 33, 40, 56, 18, 16, 17, 43, 13, 25, 50, 1, 22, 4
15: 45, 33, 2, 47, 37, 18, 35, 20, 58, 16, 51, 1, 28, 53, 11, 26, 32, 29, 43, 6, 17, 59, 27, 50, 48
16: 20, 48, 8, 11, 43, 24, 26, 23, 15, 59, 53, 34, 45, 44, 55, 37, 52, 22, 12, 29, 57
17: 11, 48, 25, 57, 24, 34, 1, 37, 36, 53, 9, 38, 51, 59, 3, 32, 19, 47
18: 56, 33, 40, 49, 45, 30, 53, 11, 9, 55, 6, 16, 24, 8, 14, 38, 31, 3, 17, 32, 48, 43, 37, 41, 27, 54, 0
19: 26, 23, 44, 43, 24, 27, 20, 17, 25, 11, 22, 3, 53, 30, 7, 9, 59, 38, 47, 46, 40, 12, 0
20: 9, 35, 3, 47, 2, 28, 56, 26, 43, 8, 12, 16, 58, 39, 45, 55, 21, 59
21: 42, 14, 29, 38, 24, 54, 52, 30, 50, 18, 2, 34, 56, 26, 40, 15, 28, 36, 17, 51, 33, 44, 35, 9, 5, 25, 27, 37, 49, 7, 6, 4
22: 14, 29, 12, 46, 20, 18, 49, 39, 2, 52, 40, 11, 4, 51, 58, 43, 59, 55, 38, 50, 8, 37, 23, 9, 7, 33, 19, 31
23: 48, 19, 16, 11, 13, 42, 54, 37, 51, 57, 15, 35, 24, 52, 50, 28, 45, 12, 2, 26, 1, 40, 47, 14, 46, 34, 59, 18, 53
24: 14, 42, 39, 26, 32, 6, 12, 25, 2, 7, 46, 56, 36, 15, 59, 22, 11, 1, 31, 5, 18, 37
25: 37, 18, 36, 11, 10, 4, 27, 28, 5, 46, 12, 40, 44, 42, 47, 16, 59, 53, 13, 1, 2, 58, 19
26: 42, 49, 14, 1, 35, 44, 33, 7, 34, 23, 24, 32, 29, 20, 57, 52, 3, 25, 22, 51, 56, 36, 16, 13, 53, 37, 28, 15
27: 59, 20, 3, 28, 21, 0, 57, 36, 33, 55, 7, 9, 13, 54, 39, 16, 38, 50, 25
28: 2, 56, 8, 48, 38, 25, 13, 59, 7, 37, 51, 15, 19, 57, 0, 26, 39, 46, 21, 53, 35, 3, 16, 27
29: 4, 26, 36, 18, 31, 8, 24, 9, 52, 37, 50, 59, 7, 55, 6, 5, 51, 14, 15, 58, 17, 1, 41, 3, 56
30: 8, 53, 18, 24, 16, 31, 4, 40, 47, 1, 42, 22, 13, 44, 34, 55
31: 5, 36, 4, 27, 58, 1, 44, 48, 12, 52, 53, 45, 37, 17, 59, 33, 35, 0, 51, 11, 7, 56
32: 47, 44, 16, 49, 2, 24, 33, 15, 31, 17, 8, 11, 18, 42, 30, 43, 50, 39, 51, 37, 7, 5
33: 39, 18, 7, 0, 42, 58, 50, 37, 34, 1, 47, 30, 32, 22, 48, 38, 31, 25, 36
34: 49, 7, 4, 52, 55, 41, 11, 2, 16, 43, 56, 44, 28, 36, 15, 31, 20, 40, 38, 26, 22, 5, 18, 14, 19, 8
35: 1, 11, 7, 5, 53, 51, 28, 58, 52, 48, 10, 44, 49, 19, 18, 59, 45, 2, 47, 25, 31, 37, 54, 38
36: 17, 52, 28, 41, 13, 30, 11, 2, 54, 49, 45, 48, 24, 31, 3, 46, 20, 27, 38, 29, 23
37: 28, 11, 9, 18, 5, 20, 43, 42, 30, 44, 54, 50, 7, 3, 23, 26, 36, 53, 49, 35, 31, 25, 10
38: 20, 7, 17, 10, 48, 37, 45, 56, 28, 19, 52, 6, 24, 18, 39, 29, 34, 41, 31, 12, 46, 49, 53, 23, 5, 36, 42, 16, 33, 25, 26
39: 35, 12, 19, 18, 36, 42, 41, 47, 4, 34, 5, 23, 43, 28, 1, 20
40: 20, 46, 37, 0, 24, 58, 45, 27, 22, 56, 13, 19, 15, 33, 43, 7, 47, 54, 23, 1, 53, 14, 34
41: 12, 27, 9, 18, 13, 11, 4, 49, 25, 40, 36, 43, 33, 45, 8, 2, 50, 15, 16, 58
42: 39, 46, 14, 35, 48, 4, 5, 24, 9, 11, 58, 50, 40, 32, 7, 29, 15, 31, 56, 10, 57, 6, 47, 45
43: 2, 59, 24, 16, 40, 48, 13, 31, 54, 1, 52, 55, 58, 22, 15, 27, 53, 12, 26, 10, 49, 46, 38, 32
44: 0, 26, 14, 43, 15, 37, 9, 50, 16, 46, 34, 23, 3, 59, 29, 4
45: 58, 13, 15, 18, 0, 14, 7, 34, 3, 30, 43, 56, 2, 24, 27, 38, 31, 54, 36, 35, 46, 41, 11, 17, 23
46: 12, 32, 0, 21, 15, 41, 1, 57, 16, 20, 6, 51, 5, 17, 42, 52, 54, 4, 2, 49, 33, 28, 50, 25, 38, 48, 23, 9, 56
47: 32, 56, 46, 14, 1, 43, 4, 29, 30, 10, 51, 37, 54, 8, 5, 24, 20, 13, 0, 38, 26, 23, 52, 12
48: 59, 18, 24, 55, 49, 27, 4, 2, 5, 50, 16, 1, 22, 34, 52, 7, 46, 15, 9, 8, 21, 30, 43, 13
49: 59, 32, 3, 22, 44, 37, 18, 52, 41, 28, 21, 23, 31, 5, 14, 12, 57, 47, 13, 15, 33, 40, 45, 24, 20
50: 22, 47, 20, 9, 1, 42, 12, 52, 28, 45, 17, 49, 19, 16, 10, 58, 2, 41, 57, 56, 32
51: 47, 40, 25, 50, 55, 41, 28, 52, 14, 22, 31, 12, 48, 13, 2, 24, 0, 35, 38, 1, 11, 23, 45, 42, 17, 21, 29, 54
52: 27, 23, 29, 55, 28, 50, 54, 7, 25, 17, 11, 8, 32, 10, 31, 53, 56, 0, 46, 45, 21, 26, 59, 44, 12, 42, 4, 41, 49, 57
53: 7, 50, 28, 16, 9, 59, 13, 57, 25, 6, 48, 11, 46, 0, 21, 33, 8, 18, 34, 22, 37, 12, 31, 44, 36, 20
54: 1, 2, 52, 19, 39, 11, 42, 23, 7, 14, 16, 15, 26, 20, 41, 36, 32, 37, 13, 30
55: 26, 40, 1, 21, 35, 47, 17, 23, 43, 33, 38, 11, 9, 41, 32, 54, 53, 24, 2, 19, 16, 56, 45, 14
56: 59, 29, 55, 9, 11, 32, 18, 1, 28, 23, 8, 37, 44, 47, 10, 27, 15, 13, 30, 34, 43, 14
57: 56, 46, 7, 32, 24, 4, 28, 58, 13, 30, 14, 20, 51, 33, 59, 39, 9, 12, 43, 34, 35, 18, 54, 1, 29, 47, 23, 48, 2, 3
58: 38, 45, 11, 9, 55, 56, 48, 42, 59, 13, 26, 46, 54, 35, 8, 41, 29, 39
59: 3, 6, 38, 14, 56, 12, 27, 33, 22, 49, 29, 50, 48, 24, 36, 4, 52, 26, 7, 11, 25, 37, 42, 35

Analysis Results :
size: 60, 1416
average_degree: 23.6
top_5_highest_degrees: 30, 31, 32, 32, 35
top_5_lowest_degrees: 15, 16, 16, 16, 18
in_degrees: 20, 26, 25, 17, 16, 31, 21, 20, 22, 22
out_degrees: 30, 31, 32, 32, 35, 15, 16, 16, 16, 18
degree_counts: {35: 1, 22: 6, 20: 5, 23: 5, 32: 2, 28: 4, 15: 1, 24: 9, 21: 5, 27: 3, 25: 4, 18: 3, 29: 2, 19: 2, 16: 3, 26: 2, 31: 1, 30: 2}
in_degree_counts: {20: 2, 26: 1, 25: 1, 17: 1, 16: 1, 31: 1, 21: 1, 22: 2}
out_degree_counts: {30: 1, 31: 1, 32: 2, 35: 1, 15: 1, 16: 3, 18: 1}
graph_is: The graph is cyclic.
sum_of_in_degrees: 220
sum_of_out_degrees: 241
