Random Generated Graph :
0: 52, 29, 24, 41, 38, 47, 17, 5, 43, 33, 56, 31, 19, 13, 27, 30, 35, 59, 18, 53, 23
1: 43, 51, 48, 3, 6, 21, 11, 42, 4, 39, 34, 45, 9, 50, 12, 40, 5, 52, 7, 29, 2, 24, 33, 56
2: 40, 53, 56, 17, 51, 3, 7, 54, 16, 6, 1, 8, 10, 34, 18, 37, 20, 39, 24, 5, 27, 41, 57
3: 58, 5, 49, 39, 26, 54, 21, 32, 14, 25, 20, 6, 28, 36, 0, 31, 11
4: 58, 26, 47, 42, 51, 37, 8, 2, 31, 3, 24, 50, 23, 41, 21, 33, 19, 43, 1, 27, 55, 12, 13, 20, 30, 35
5: 9, 56, 38, 52, 0, 16, 13, 37, 41, 35, 2, 18, 21, 23, 59, 12, 7, 14, 17, 22, 47, 29, 19, 11, 32, 34, 28
6: 59, 52, 33, 49, 50, 1, 28, 57, 53, 44, 32, 0, 20, 31, 25, 19, 34, 2, 55, 11, 54, 24, 17, 43, 7, 22, 47, 16, 10
7: 33, 43, 23, 56, 26, 28, 55, 13, 27, 45, 54, 37, 15, 35, 11, 53, 34, 46, 40, 21, 3, 42, 58, 9, 41
8: 50, 43, 47, 13, 23, 26, 55, 11, 31, 54, 1, 51, 34, 42, 46, 24, 17, 53, 35, 38, 36
9: 38, 13, 32, 35, 17, 54, 47, 57, 48, 6, 33, 27, 46, 20, 19, 30, 41, 16, 4, 15, 59, 10
10: 0, 57, 37, 42, 51, 29, 28, 9, 21, 33, 45, 6, 59, 13, 17, 3, 46, 38, 2, 39
11: 19, 45, 2, 25, 52, 31, 35, 6, 4, 12, 28, 37, 54, 3, 33, 13, 46, 34, 43, 23, 50, 44, 14, 49, 5, 51, 26, 7
12: 31, 18, 43, 47, 59, 5, 44, 6, 28, 30, 29, 7, 57, 45, 3, 41, 40, 50, 35, 0, 33, 55
13: 35, 8, 12, 34, 33, 44, 43, 51, 45, 42, 37, 1, 4, 54, 30, 23, 20, 9, 28, 17, 0, 39
14: 19, 31, 7, 32, 51, 56, 9, 24, 5, 37, 6, 44, 11, 18, 42, 49, 50, 54
15: 38, 1, 25, 45, 20, 19, 55, 53, 52, 34, 3, 59, 46, 31, 5, 9, 41, 57, 56
16: 25, 8, 58, 11, 30, 9, 43, 42, 19, 41, 38, 26, 5, 52, 37, 24, 32, 4, 12, 35, 27, 15, 53, 10
17: 40, 41, 24, 0, 58, 12, 14, 48, 16, 44, 39, 47, 25, 2, 8, 3, 54, 11, 59, 27, 21, 19, 6, 20, 35
18: 58, 11, 37, 22, 30, 24, 10, 0, 59, 38, 40, 56, 55, 4, 41, 9, 5, 19, 50, 53, 34, 42
19: 4, 44, 5, 24, 41, 47, 57, 2, 17, 35, 0, 14, 8, 7, 43, 1, 12, 56, 52, 23, 11, 59, 58, 20, 25, 16
20: 50, 42, 40, 4, 10, 25, 38, 49, 30, 41, 22, 12, 58, 37, 8, 0, 46, 55, 57, 9, 53, 35, 13
21: 3, 37, 9, 11, 58, 42, 45, 41, 13, 15, 31, 6, 28, 14, 59, 33, 22, 25, 53, 20, 2, 19
22: 48, 7, 54, 44, 30, 55, 38, 17, 36, 37, 2, 27, 35, 57, 43, 12, 18, 41, 53, 26, 49, 31, 58, 59, 56, 10, 24, 45, 14, 40, 46
23: 3, 9, 28, 57, 24, 12, 11, 58, 1, 47, 15, 18, 20, 55, 37, 0, 41, 19, 50, 52, 31, 30, 53, 59, 45, 6, 35, 49
24: 18, 25, 44, 43, 17, 56, 2, 11, 38, 7, 5, 12, 49, 51, 21, 42, 59, 20, 16, 19
25: 46, 49, 11, 44, 55, 41, 58, 10, 40, 1, 37, 52, 47, 34, 22, 30, 36, 18, 6, 45, 13, 27, 21, 31
26: 48, 30, 1, 0, 40, 5, 13, 58, 8, 51, 37, 27, 57, 20, 3, 33, 15, 35, 21, 43, 11, 36, 2
27: 41, 20, 32, 1, 12, 55, 2, 53, 31, 40, 50, 8, 22, 36, 23, 43, 37, 51, 59, 16, 15, 5, 46, 58
28: 3, 2, 15, 41, 55, 26, 7, 19, 49, 8, 30, 50, 25, 32, 17, 43, 46, 23, 14, 33, 18, 59, 51, 6, 38, 9
29: 51, 36, 48, 49, 11, 42, 34, 7, 45, 26, 3, 41, 57, 31, 27, 32, 10, 18, 59, 23, 14
30: 32, 55, 17, 0, 39, 5, 23, 21, 38, 8, 33, 53, 19, 46, 6, 35, 12, 58, 7, 14, 13, 43
31: 39, 37, 42, 54, 34, 56, 25, 58, 30, 27, 0, 16, 51, 15, 20, 43, 10, 17, 14, 8, 24, 13
32: 46, 38, 3, 45, 1, 25, 49, 44, 7, 39, 12, 2, 47, 4, 19, 53, 27, 50, 11, 0, 52, 9
33: 24, 0, 59, 16, 57, 3, 9, 31, 1, 7, 27, 17, 25, 54, 11, 39, 40, 30, 45, 14, 22, 26, 56, 42, 53, 2, 34, 15, 37
34: 44, 24, 55, 27, 33, 12, 57, 25, 38, 3, 59, 4, 56, 50, 40, 48, 22, 58, 52, 21, 11, 17, 26, 30, 5
35: 7, 30, 17, 5, 57, 31, 21, 41, 15, 25, 1, 22, 42, 58, 11, 32, 20, 29, 55, 44
36: 35, 43, 23, 27, 31, 26, 49, 20, 59, 30, 55, 41, 45, 18, 58, 25, 17, 53, 6, 1, 3, 13, 9, 12, 51
37: 49, 7, 55, 32, 31, 10, 29, 35, 27, 38, 26, 54, 17, 40, 36, 46, 28, 47, 44, 39, 53, 57, 3
38: 16, 20, 47, 2, 58, 12, 51, 8, 17, 9, 43, 0, 55, 35, 41, 21, 11, 22, 48, 40, 6, 59
39: 47, 44, 58, 10, 32, 21, 50, 28, 6, 35, 24, 2, 34, 43, 8, 55, 37, 38, 17, 52, 4, 56, 42, 41, 7, 53, 25
40: 6, 44, 5, 54, 52, 20, 24, 16, 13, 22, 36, 53, 0, 8, 57, 28, 41, 43, 3, 56, 23, 47
41: 28, 10, 34, 3, 46, 47, 26, 32, 27, 44, 9, 16, 51, 42, 59, 23, 33, 45, 40, 38, 31, 4, 14, 43, 58, 29, 50, 54
42: 22, 26, 23, 56, 29, 53, 8, 10, 47, 41, 54, 1, 30, 33, 7, 19, 2, 52, 15, 57, 18, 38, 36, 58, 3, 50, 14, 55
43: 17, 20, 18, 15, 21, 45, 48, 57, 22, 35, 39, 40, 9, 25, 6, 7, 53, 32, 1, 54, 59, 37
44: 23, 35, 52, 0, 55, 48, 20, 9, 29, 25, 22, 54, 43, 30, 1, 31, 14, 11, 34, 17
45: 41, 50, 1, 19, 6, 53, 48, 24, 5, 55, 33, 40, 35, 11, 38, 32, 3, 10, 18, 22
46: 53, 8, 21, 3, 9, 22, 33, 23, 25, 39, 30, 55, 36, 11, 31, 27, 2, 38, 4, 58, 0, 10, 16
47: 16, 31, 33, 32, 46, 11, 36, 10, 0, 5, 51, 3, 44, 57, 15, 54, 23, 42, 34, 25, 14, 56, 7, 48, 2, 35, 41
48: 52, 14, 50, 9, 10, 56, 44, 53, 32, 11, 46, 29, 41, 42, 0, 26, 55, 57, 17, 13, 20
49: 45, 26, 27, 32, 57, 16, 7, 56, 21, 33, 40, 35, 6, 8, 38, 58, 17, 2, 5, 59, 54, 42, 30, 15, 0, 39, 24, 29
50: 12, 39, 38, 16, 53, 28, 52, 42, 40, 49, 13, 56, 0, 18, 37, 45, 22, 30, 48, 57, 23, 6, 21, 2, 29
51: 50, 56, 15, 53, 41, 22, 45, 57, 58, 14, 35, 13, 2, 28, 25, 48, 21, 19, 8, 1, 34, 32, 38
52: 13, 42, 27, 22, 45, 28, 49, 18, 35, 40, 36, 29, 6, 0, 50, 1, 33, 38
53: 3, 42, 47, 2, 57, 32, 1, 40, 39, 4, 46, 38, 30, 12, 54, 41, 33, 19, 56, 36, 6
54: 59, 16, 6, 19, 58, 34, 23, 5, 52, 33, 32, 29, 8, 47, 51, 28, 21, 39, 45, 13, 24, 55, 7, 11, 37, 12, 22, 14
55: 45, 28, 41, 21, 6, 35, 44, 53, 27, 47, 14, 20, 10, 13, 40, 3, 52, 46, 57, 4, 58, 54
56: 9, 48, 19, 4, 29, 53, 24, 2, 47, 55, 44, 40, 59, 13, 22, 50, 26, 20, 45, 37, 18, 39, 11, 31, 34
57: 59, 4, 17, 2, 51, 18, 32, 15, 13, 41, 40, 14, 55, 0, 28, 42, 25, 23, 10, 16, 5, 43, 30, 48, 54
58: 53, 37, 31, 28, 32, 56, 9, 17, 36, 26, 27, 15, 54, 1, 29, 33, 52, 47, 51, 7, 14, 48, 49, 23, 35
59: 44, 48, 50, 10, 43, 33, 55, 9, 51, 37, 49, 11, 20, 31, 8, 14, 18, 45, 15, 28, 34, 25, 3, 1, 0

Analysis Results :
size: 60, 1416
average_degree: 23.6
top_5_highest_degrees: 28, 28, 29, 29, 31
top_5_lowest_degrees: 17, 18, 18, 19, 20
in_degrees: 18, 25, 26, 26, 22, 28, 23, 21, 19, 21
out_degrees: 28, 28, 29, 29, 31, 17, 18, 18, 19, 20
degree_counts: {21: 5, 24: 4, 23: 6, 17: 1, 26: 3, 27: 3, 29: 2, 25: 9, 22: 12, 20: 5, 28: 6, 18: 2, 19: 1, 31: 1}
in_degree_counts: {18: 1, 25: 1, 26: 2, 22: 1, 28: 1, 23: 1, 21: 2, 19: 1}
out_degree_counts: {28: 2, 29: 2, 31: 1, 17: 1, 18: 2, 19: 1, 20: 1}
graph_is: The graph is cyclic.
sum_of_in_degrees: 229
sum_of_out_degrees: 237
