Random Generated Graph :
0: 43, 48, 34, 47, 23, 6, 38, 11, 58, 40, 2, 19, 54, 33, 44, 4, 7, 41, 46, 50, 3, 39, 14, 10, 25, 42
1: 28, 59, 5, 54, 7, 47, 38, 3, 36, 14, 31, 0, 35, 58, 43, 4, 11, 34, 45, 55, 19, 44, 57
2: 7, 9, 49, 58, 17, 35, 56, 51, 10, 22, 25, 46, 0, 31, 4, 32, 18, 26, 3, 36, 54, 23, 15
3: 20, 53, 24, 46, 18, 40, 32, 14, 42, 39, 45, 16, 50, 54, 59, 56, 22, 47, 10, 27, 19, 26, 5, 25, 6, 58, 7
4: 45, 50, 34, 23, 33, 1, 43, 55, 48, 36, 42, 46, 18, 2, 57, 37, 47, 3, 5, 39, 12, 40, 13, 15, 27, 0
5: 33, 34, 4, 40, 31, 49, 14, 27, 52, 21, 50, 12, 45, 10, 47, 6, 44, 3, 1, 46
6: 36, 33, 9, 54, 39, 14, 20, 37, 31, 21, 24, 11, 5, 38, 48, 57, 43, 59, 3, 27, 35, 46, 41, 0, 25, 47, 22
7: 35, 30, 20, 58, 27, 32, 14, 50, 18, 53, 38, 48, 13, 17, 41, 51, 6, 55, 59, 37, 19, 26, 46, 16, 42
8: 22, 48, 50, 29, 57, 21, 10, 18, 31, 27, 33, 4, 49, 7, 56, 37, 26, 44, 30, 16, 41, 24, 23, 47
9: 24, 14, 42, 41, 51, 43, 38, 17, 44, 33, 30, 36, 13, 6, 27, 31, 8, 22, 58
10: 32, 26, 51, 38, 40, 56, 14, 41, 35, 34, 18, 8, 30, 20, 9, 48, 47, 25, 24, 12
11: 52, 22, 12, 31, 7, 15, 44, 2, 47, 42, 56, 59, 29, 1, 40, 58, 48, 14, 27, 37, 51, 9, 36, 13, 57
12: 27, 2, 24, 19, 56, 23, 55, 7, 6, 52, 28, 38, 39, 37, 22, 11, 4, 20, 9, 47
13: 49, 15, 53, 56, 39, 37, 51, 41, 55, 12, 54, 26, 47, 6, 29, 16, 5, 48, 0, 14, 34, 43, 4, 30
14: 10, 46, 44, 27, 20, 40, 0, 9, 43, 36, 37, 34, 11, 30, 58, 16, 23, 17, 32, 5, 35, 47, 1, 52, 13, 50, 24
15: 6, 18, 5, 37, 44, 52, 4, 53, 0, 29, 38, 46, 32, 8, 26, 31, 2, 59, 19, 30, 16, 10, 40, 35, 22, 3
16: 31, 45, 20, 30, 13, 34, 49, 55, 39, 6, 59, 19, 47, 44, 58, 1, 41, 8, 10, 7, 12, 40, 9, 11, 57
17: 4, 39, 59, 36, 13, 45, 35, 16, 31, 46, 37, 22, 34, 47, 41, 53, 0, 9, 26, 21, 27, 10, 44, 24
18: 52, 42, 29, 48, 36, 13, 20, 44, 19, 31, 7, 4, 34, 2, 14, 15, 39, 9, 3, 50, 23, 58, 59, 16, 45, 33, 28
19: 2, 20, 10, 17, 18, 51, 42, 45, 15, 43, 14, 0, 56, 25, 41, 28, 35, 26, 7, 3, 24, 44
20: 52, 34, 22, 42, 59, 44, 3, 55, 58, 32, 5, 51, 4, 31, 14, 19, 0, 24, 6, 54, 41, 28
21: 7, 49, 25, 9, 2, 27, 12, 56, 35, 10, 26, 29, 20, 52, 33, 59, 17, 34, 6, 11, 44, 43, 13
22: 20, 51, 13, 10, 57, 45, 24, 25, 18, 50, 36, 47, 52, 14, 5, 48, 44, 43, 6, 9
23: 26, 37, 51, 24, 18, 52, 6, 30, 46, 9, 19, 15, 28, 1, 43, 21, 14, 4, 50, 41, 2, 34, 56, 8
24: 16, 32, 21, 9, 45, 15, 23, 1, 28, 38, 2, 19, 56, 48, 44, 10, 50, 49, 25, 37, 57, 6, 55
25: 19, 51, 23, 35, 17, 54, 21, 57, 11, 37, 26, 7, 40, 2, 12, 56, 16, 38, 3, 1, 0
26: 25, 47, 6, 45, 29, 0, 32, 23, 3, 56, 11, 20, 15, 31, 37, 27, 42, 16, 36, 24, 53, 46, 51, 21, 59
27: 39, 28, 59, 40, 16, 29, 56, 38, 32, 25, 49, 31, 57, 15, 45, 47, 19, 5, 51, 34, 24, 44, 26, 7
28: 40, 57, 25, 35, 32, 27, 19, 50, 29, 41, 49, 54, 1, 21, 22, 6, 17, 43, 55, 7, 42, 34, 18, 15
29: 1, 34, 13, 6, 53, 0, 25, 43, 17, 26, 21, 19, 31, 50, 37, 27, 12, 59, 2, 20, 46, 28, 5, 55, 45
30: 22, 56, 9, 51, 16, 29, 7, 39, 43, 2, 50, 42, 46, 58, 57, 54, 25, 5, 26, 19, 24, 55, 14, 15
31: 24, 28, 22, 5, 45, 2, 40, 47, 34, 49, 42, 14, 0, 50, 36, 59, 32, 17, 54, 46, 30, 33, 27, 51, 15, 52
32: 42, 29, 25, 21, 12, 4, 24, 33, 5, 43, 11, 36, 59, 8, 6, 56, 14, 15, 51, 0, 52, 18
33: 31, 38, 29, 10, 21, 8, 46, 39, 5, 26, 6, 13, 11, 17, 27, 30, 0, 41, 35, 51, 36, 56, 9, 32
34: 47, 4, 50, 7, 30, 3, 32, 2, 25, 23, 19, 48, 58, 14, 40, 24, 9, 28, 45, 49, 54
35: 9, 52, 16, 54, 3, 42, 50, 51, 1, 14, 20, 23, 38, 32, 19, 10, 15, 8, 28, 18, 29, 46, 36, 4
36: 35, 20, 48, 5, 23, 53, 41, 50, 14, 3, 15, 0, 43, 55, 49, 51, 16, 17, 32, 45, 8, 34, 59, 26, 40, 22, 37, 18
37: 0, 10, 22, 20, 26, 24, 28, 43, 45, 33, 17, 54, 32, 4, 34, 12, 50, 25, 14
38: 1, 20, 31, 26, 28, 24, 57, 19, 6, 17, 5, 7, 9, 43, 2, 33, 36
39: 23, 12, 59, 38, 3, 51, 56, 1, 46, 10, 13, 47, 28, 6, 7, 11, 44, 8, 25, 4, 50, 20, 16, 34, 42, 14, 24
40: 35, 8, 20, 53, 25, 30, 0, 32, 37, 59, 28, 49, 36, 5, 11, 58, 4, 19, 52, 24, 3, 41
41: 9, 52, 12, 48, 15, 46, 26, 10, 23, 28, 38, 40, 56, 55, 42, 7, 18, 1, 24, 22, 2, 21, 14
42: 19, 53, 0, 1, 31, 2, 3, 8, 50, 57, 35, 21, 23, 5, 47, 26, 48, 24, 25, 58, 32, 12, 15, 18, 44, 41, 59
43: 56, 9, 1, 20, 39, 22, 57, 12, 6, 55, 36, 54, 13, 25, 49, 45, 15, 33, 2, 41, 58, 30, 37, 32
44: 7, 15, 4, 18, 55, 26, 28, 34, 21, 40, 49, 6, 24, 38, 41, 22, 20
45: 14, 23, 26, 28, 21, 59, 29, 33, 19, 3, 48, 42
46: 31, 35, 54, 10, 19, 49, 5, 30, 36, 38, 3, 20, 8, 26, 22, 1, 6, 52, 32, 2, 13, 4, 18, 37, 43
47: 28, 20, 42, 21, 8, 45, 23, 6, 12, 2, 40, 7, 19, 54, 4, 50, 35, 41, 9, 11, 58, 5, 53
48: 32, 11, 17, 41, 57, 38, 20, 59, 43, 7, 10, 5, 58, 2, 47, 15, 55, 6, 44, 14, 27, 37
49: 3, 58, 0, 15, 40, 38, 41, 53, 59, 34, 25, 33, 32, 52, 13, 47, 9, 16, 6, 31, 36, 45, 54, 42
50: 41, 12, 2, 47, 52, 24, 13, 31, 15, 48, 55, 8, 4, 59, 30, 34, 29, 40, 0, 23, 57, 1, 3, 25, 5, 49
51: 56, 1, 7, 55, 36, 26, 43, 9, 42, 41, 45, 29, 58, 21, 47, 20, 6, 19, 30, 15, 8, 25, 27, 23
52: 30, 3, 25, 58, 37, 2, 39, 48, 6, 42, 54, 56, 51, 49, 43, 33, 27, 11, 20, 32, 34, 14, 16, 19
53: 58, 24, 55, 56, 40, 11, 33, 45, 59, 22, 12, 57, 8, 54, 35, 42, 13, 37, 21, 1
54: 0, 32, 10, 13, 27, 22, 16, 7, 36, 17, 4, 19, 30, 3, 20, 40, 14, 23, 52, 33, 2, 55, 49, 8, 18
55: 26, 24, 54, 45, 38, 27, 16, 25, 28, 20, 14, 59, 40, 50, 11, 8, 6, 53, 12, 47, 21, 17, 3, 42, 39
56: 57, 36, 29, 22, 18, 47, 2, 20, 52, 11, 15, 58, 10, 34, 38, 13, 41, 35, 7, 9, 31, 0, 50, 8, 39, 24, 42, 54
57: 12, 2, 21, 13, 43, 44, 46, 48, 8, 17, 52, 42, 26, 41, 19, 25, 14, 35, 38, 16, 3, 6, 59, 28, 39, 58, 31, 4
58: 5, 51, 45, 10, 11, 53, 9, 20, 8, 42, 3, 24, 1, 32, 57, 43, 52, 17, 40, 12, 36, 37, 29, 2, 30, 50, 23, 14
59: 13, 15, 20, 44, 36, 5, 23, 46, 52, 12, 10, 25, 57, 42, 32, 6, 54, 18, 8, 51, 38, 17, 3, 43, 1, 7

Analysis Results :
size: 60, 1416
average_degree: 23.6
top_5_highest_degrees: 27, 28, 28, 28, 28
top_5_lowest_degrees: 12, 17, 17, 19, 19
in_degrees: 28, 25, 23, 21, 24, 24, 23, 22, 25, 23
out_degrees: 27, 28, 28, 28, 28, 12, 17, 17, 19, 19
degree_counts: {26: 6, 23: 6, 27: 6, 20: 5, 25: 8, 24: 13, 19: 2, 22: 5, 21: 2, 28: 4, 17: 2, 12: 1}
in_degree_counts: {28: 1, 25: 2, 23: 3, 21: 1, 24: 2, 22: 1}
out_degree_counts: {27: 1, 28: 4, 12: 1, 17: 2, 19: 2}
graph_is: The graph is cyclic.
sum_of_in_degrees: 238
sum_of_out_degrees: 223
