Random Generated Graph :
0: 33, 44, 45, 1, 15, 17, 51, 34, 56, 57, 11, 52, 53, 46, 41, 28, 39, 25, 50, 32, 7, 37, 22, 18, 48, 36, 14
1: 19, 13, 57, 45, 46, 30, 56, 51, 23, 43, 15, 27, 28, 38, 25, 18, 8, 36, 34, 24, 54, 2, 58, 42, 39
2: 43, 18, 23, 34, 32, 39, 15, 38, 6, 40, 48, 46, 11, 51, 13, 53, 14, 50, 7, 59, 42, 54, 9, 55, 27, 33
3: 39, 59, 47, 33, 53, 29, 8, 2, 55, 40, 25, 48, 41, 34, 17, 24, 43, 5, 56, 44, 21, 27, 14
4: 57, 39, 27, 42, 20, 13, 0, 26, 22, 48, 50, 55, 9, 32, 47, 2, 49, 33, 29, 52, 11, 45
5: 20, 50, 10, 18, 0, 19, 37, 47, 29, 57, 44, 26, 34, 31, 24, 30, 17, 35, 7, 1, 6, 27
6: 15, 45, 58, 56, 49, 38, 28, 20, 22, 48, 41, 26, 19, 32, 59, 14, 55, 18, 30, 4, 24, 35, 52
7: 0, 19, 32, 14, 59, 41, 37, 4, 23, 50, 11, 20, 29, 54, 24, 10, 55, 49, 57
8: 4, 44, 37, 15, 25, 43, 32, 27, 39, 28, 11, 18, 56, 41, 19, 26, 22, 9, 42, 16, 30, 21
9: 45, 48, 42, 46, 21, 38, 2, 29, 3, 37, 19, 34, 11, 47, 12, 4, 49, 51, 55, 40, 7, 27, 59, 39, 10, 50, 32
10: 20, 46, 35, 9, 39, 17, 2, 31, 14, 1, 56, 49, 53, 8, 47, 16, 34, 55, 48, 32, 13, 18, 44
11: 40, 23, 12, 42, 43, 8, 36, 55, 57, 33, 31, 22, 48, 27, 26, 25, 9, 47, 41
12: 49, 41, 3, 40, 58, 17, 54, 38, 8, 30, 5, 14, 24, 56, 19, 7, 29, 15, 45, 35, 13, 2, 48, 10
13: 26, 50, 45, 21, 33, 19, 20, 31, 40, 29, 23, 49, 35, 14, 36, 17, 10, 2, 6, 4
14: 27, 24, 48, 15, 17, 53, 43, 29, 20, 13, 46, 50, 39, 34, 35, 38, 12, 33, 59
15: 18, 8, 59, 11, 30, 50, 0, 32, 10, 55, 20, 46, 7, 19, 54, 5, 33, 17, 57, 56, 21, 58
16: 38, 2, 5, 28, 7, 13, 45, 52, 36, 33, 10, 8, 50, 31, 29, 12, 49, 18, 46, 20, 14, 30
17: 59, 56, 58, 15, 21, 38, 3, 50, 10, 16, 52, 6, 20, 18, 29, 8, 7, 31, 43, 24, 36, 23, 13, 40, 11, 25, 33, 49
18: 10, 39, 58, 1, 33, 41, 57, 16, 42, 2, 35, 51, 5, 20, 3, 52, 19, 34, 23, 32, 9
19: 28, 56, 36, 9, 40, 35, 32, 11, 25, 20, 0, 10, 55, 5, 7, 14, 2, 59, 46, 15, 54, 44, 58, 12
20: 44, 7, 17, 37, 14, 50, 21, 22, 10, 6, 27, 51, 49, 39, 56, 18, 13, 41, 8, 53, 12, 36, 2, 48, 42, 15, 38, 28
21: 54, 16, 9, 23, 6, 11, 47, 35, 28, 1, 55, 22, 8, 53, 48, 46, 49, 30, 37, 7, 41, 36, 32, 4
22: 52, 56, 49, 33, 7, 59, 25, 30, 6, 15, 3, 4, 5, 28, 48, 47, 20, 14, 57
23: 42, 33, 32, 29, 50, 25, 13, 59, 8, 18, 16, 45, 4, 9, 19, 41, 28, 39, 52, 24, 6, 37, 47, 20, 26, 1, 48
24: 39, 55, 29, 48, 12, 8, 19, 4, 37, 33, 25, 28, 49, 17, 3, 50, 59, 10, 51, 13, 16, 18, 7, 0, 15
25: 49, 13, 44, 15, 27, 54, 10, 22, 33, 0, 48, 51, 57, 29, 35, 16, 36, 1
26: 35, 2, 54, 18, 12, 59, 29, 58, 40, 52, 43, 50, 45, 39, 48, 44, 6, 38, 17, 25, 8, 30, 16, 22, 34
27: 40, 50, 17, 31, 10, 39, 53, 56, 54, 3, 5, 44, 37, 57, 49, 34, 38, 59, 2, 55, 24, 11, 1, 19, 23, 30
28: 18, 38, 27, 36, 24, 21, 25, 5, 4, 37, 16, 2, 53, 19, 44, 58, 57, 6, 20
29: 58, 25, 26, 17, 12, 54, 55, 19, 6, 32, 42, 44, 31, 11, 34, 59, 33, 1, 21, 22, 37, 5, 35, 41, 52, 38
30: 46, 28, 50, 1, 40, 35, 39, 6, 43, 57, 16, 8, 12, 59, 38, 44, 24, 32, 13
31: 20, 12, 28, 27, 48, 47, 56, 14, 57, 44, 10, 35, 55, 6, 51, 22, 30, 13, 5, 0, 42, 21, 46, 34, 53
32: 28, 49, 42, 39, 5, 38, 2, 40, 15, 29, 23, 24, 25, 56, 8, 3, 41, 26, 22, 27, 18, 57, 35
33: 6, 0, 22, 58, 14, 3, 45, 16, 27, 24, 11, 40, 4, 8, 32, 37, 18, 21, 15, 2, 7, 20, 9, 51, 10, 19, 12, 36, 38, 54, 57
34: 10, 14, 32, 37, 16, 22, 23, 25, 19, 56, 18, 8, 38, 49, 5, 55, 47, 26, 21, 28, 7, 6, 42, 11
35: 0, 46, 34, 26, 48, 14, 6, 44, 42, 43, 36, 59, 56, 49, 23, 39, 16, 25, 19, 32, 37, 7, 12, 13, 54
36: 15, 30, 39, 50, 8, 49, 24, 56, 27, 43, 35, 1, 7, 4, 48, 54, 17, 29, 44, 21, 0
37: 31, 13, 2, 25, 54, 57, 45, 56, 34, 43, 5, 4, 26, 46, 20, 51, 48, 55, 24, 30, 1, 41, 39, 8
38: 45, 22, 6, 24, 30, 34, 5, 33, 20, 7, 21, 41, 51, 16, 14, 12, 59, 17, 27, 28, 8, 53, 10, 36, 15, 57, 55
39: 11, 47, 45, 42, 1, 8, 27, 2, 10, 49, 51, 59, 31, 0, 20, 25, 48, 36, 14, 21, 54, 43, 19, 15, 38, 26, 46, 57, 52, 6
40: 5, 17, 19, 38, 31, 12, 43, 44, 47, 4, 0, 42, 52, 45, 9, 6, 49, 13, 37, 29, 2, 24, 20, 32, 58, 39
41: 34, 26, 49, 27, 57, 33, 38, 4, 53, 22, 55, 24, 35, 15, 14, 25, 18, 39, 23, 44, 11, 58, 28, 20, 2, 42, 54, 5
42: 40, 58, 48, 49, 0, 39, 3, 15, 19, 34, 12, 27, 52, 53, 35, 20, 57, 1, 51, 54, 45, 25, 31, 38, 11
43: 54, 17, 7, 38, 11, 20, 19, 31, 18, 26, 33, 56, 46, 14, 41, 55, 32, 23, 28, 29, 50, 21, 57, 8, 30, 37, 49, 36
44: 51, 49, 42, 45, 9, 22, 4, 24, 37, 46, 30, 26, 25, 10, 36, 19, 56, 52, 50, 53, 12
45: 38, 19, 20, 31, 54, 41, 42, 40, 37, 8, 47, 32, 49, 22, 34, 50, 30, 18, 28, 25, 52, 44, 10, 27, 57, 48, 7
46: 26, 40, 23, 15, 4, 52, 56, 20, 8, 36, 6, 41, 18, 58, 14, 51
47: 48, 7, 34, 17, 42, 6, 11, 3, 46, 22, 21, 15, 43, 18, 20, 0, 13, 44, 35, 33, 56, 40
48: 50, 16, 39, 10, 1, 57, 28, 40, 53, 26, 3, 5, 43, 46, 2, 20, 44, 4, 45, 9, 13, 27, 25, 42, 24
49: 14, 6, 58, 36, 11, 25, 53, 8, 57, 20, 54, 0, 40, 32, 9, 45, 47, 38, 23, 34, 55, 30, 52, 29
50: 52, 40, 47, 53, 6, 35, 44, 25, 54, 16, 55, 51, 46, 9, 37, 1, 27, 19, 42, 41
51: 34, 59, 29, 49, 39, 4, 13, 35, 50, 18, 42, 16, 44, 31, 26, 30, 25, 48, 0
52: 1, 29, 49, 13, 9, 34, 32, 36, 18, 35, 16, 24, 12, 33, 46, 14, 7, 58, 37, 51, 59
53: 54, 47, 57, 24, 35, 1, 26, 9, 19, 0, 40, 2, 38, 41, 18, 12, 43, 33, 10, 29, 50, 23, 49, 31, 21
54: 12, 14, 58, 28, 56, 42, 6, 34, 35, 51, 46, 40, 7, 13, 48, 53, 23, 24, 3, 59, 10, 39, 43, 19
55: 28, 37, 18, 25, 2, 20, 43, 48, 36, 23, 10, 41, 42, 16, 46, 35, 26, 49, 1, 59, 53, 44, 17
56: 11, 41, 16, 6, 45, 44, 24, 31, 2, 1, 28, 26, 37, 21, 43, 4, 59, 39, 47, 25, 23, 38, 0, 40, 14, 57, 22, 27, 34, 29
57: 54, 18, 22, 20, 14, 27, 51, 6, 33, 43, 44, 16, 42, 3, 13, 31, 23, 56, 35, 7, 0, 37, 40, 15
58: 48, 15, 30, 33, 9, 46, 19, 32, 27, 35, 1, 8, 17, 29, 5, 56, 0, 45, 44, 37, 24, 3
59: 15, 48, 22, 42, 23, 12, 8, 9, 37, 51, 56, 46, 2, 16, 32, 41, 57, 47, 4, 34, 49, 38

Analysis Results :
size: 60, 1416
average_degree: 23.6
top_5_highest_degrees: 28, 28, 30, 30, 31
top_5_lowest_degrees: 16, 18, 19, 19, 19
in_degrees: 23, 21, 27, 27, 24, 25, 28, 24, 21, 26
out_degrees: 28, 28, 30, 30, 31, 16, 18, 19, 19, 19
degree_counts: {27: 5, 25: 8, 26: 4, 23: 5, 22: 8, 19: 7, 24: 8, 20: 2, 28: 4, 21: 4, 18: 1, 31: 1, 30: 2, 16: 1}
in_degree_counts: {23: 1, 21: 2, 27: 2, 24: 2, 25: 1, 28: 1, 26: 1}
out_degree_counts: {28: 2, 30: 2, 31: 1, 16: 1, 18: 1, 19: 3}
graph_is: The graph is cyclic.
sum_of_in_degrees: 246
sum_of_out_degrees: 238
