Random Generated Graph :
0: 54, 20, 22, 4, 19, 18, 29, 28, 12, 43, 45, 34, 42, 44, 35, 10, 37, 24, 58, 33, 48, 31, 47, 27
1: 57, 54, 44, 26, 24, 10, 16, 7, 5, 15, 28, 14, 36, 41, 0, 25, 46, 21, 33, 13, 59, 20, 6, 45, 37, 50, 35
2: 52, 1, 23, 53, 28, 8, 25, 51, 41, 48, 13, 5, 22, 38, 59, 24, 45, 31, 16, 7, 39, 55, 29
3: 48, 13, 17, 14, 47, 54, 36, 11, 25, 1, 45, 49, 24, 29, 30, 9, 0, 58, 8, 44, 59, 52, 56, 4
4: 47, 1, 7, 24, 15, 32, 17, 12, 42, 10, 36, 0, 6, 13, 9, 22, 53, 56, 35, 21, 49
5: 20, 31, 22, 25, 45, 0, 56, 57, 15, 14, 16, 52, 2, 9, 30, 7, 40, 11, 28, 37, 1, 6, 59, 32
6: 41, 45, 4, 10, 40, 14, 30, 19, 7, 48, 42, 35, 5, 57, 36, 3, 52, 54, 27, 49, 1, 0
7: 48, 36, 31, 32, 41, 14, 26, 34, 38, 10, 59, 18, 49, 50, 9, 0, 13, 33, 52, 56, 2, 44, 4, 35, 12
8: 30, 7, 48, 20, 39, 10, 34, 58, 21, 40, 50, 41, 28, 32, 9, 43, 4, 44, 5, 11, 22, 42
9: 34, 4, 39, 3, 17, 11, 30, 20, 42, 24, 46, 15, 25, 0, 2, 27, 10, 21, 23, 57, 13, 45, 6, 16, 32
10: 42, 44, 45, 38, 48, 56, 5, 26, 43, 57, 52, 1, 53, 16, 39, 36, 37, 28, 31, 32, 29, 51, 21, 6
11: 42, 20, 34, 17, 36, 59, 31, 51, 56, 9, 16, 38, 22, 55, 30, 54, 12, 33, 3, 29, 52, 32, 28, 5
12: 25, 34, 37, 10, 38, 19, 23, 53, 16, 3, 26, 55, 28, 17, 52, 8, 20, 24, 46, 49, 36, 39
13: 19, 34, 27, 51, 9, 58, 26, 32, 54, 18, 7, 50, 40, 10, 4, 59
14: 47, 37, 24, 40, 2, 33, 23, 48, 55, 13, 19, 18, 15, 34, 51, 30, 52, 36, 57, 6, 16, 49, 8, 45
15: 51, 52, 42, 10, 44, 56, 28, 22, 57, 32, 13, 33, 9, 34, 46, 26, 7, 50, 35
16: 18, 29, 45, 36, 23, 28, 46, 13, 40, 27, 57, 33, 1, 56, 14, 49, 51, 21, 22, 31, 24, 34, 26, 17, 12, 32, 48, 30, 50
17: 49, 18, 53, 21, 16, 12, 56, 44, 48, 31, 10, 43, 28, 42, 4, 58, 52, 33, 5, 54, 6, 27, 41, 14, 13, 36, 37, 46
18: 28, 8, 47, 21, 34, 27, 13, 10, 57, 4, 32, 41, 44, 5, 3, 45
19: 45, 11, 34, 13, 37, 39, 44, 17, 43, 6, 33, 26, 40, 36, 51, 24, 47, 50, 2, 27, 42, 29, 53, 15, 0
20: 46, 37, 39, 6, 32, 52, 7, 3, 12, 42, 56, 16, 9, 34, 58, 25, 51, 11, 1, 41, 27, 57
21: 45, 52, 9, 8, 32, 29, 20, 10, 19, 23, 38, 43, 12, 55, 11, 3, 16, 26, 57, 46, 0, 36, 28, 14, 30
22: 44, 42, 35, 17, 5, 51, 59, 53, 38, 34, 39, 29, 6, 8, 48, 20, 21, 2, 37, 50
23: 35, 30, 56, 39, 12, 28, 21, 18, 43, 50, 22, 51, 55, 45, 25, 9, 37, 5, 57, 16, 14, 38, 26, 58, 34, 15
24: 22, 8, 53, 54, 44, 45, 21, 5, 25, 15, 29, 30, 28, 23, 20, 34, 39, 36, 2, 50, 43, 11, 55, 46
25: 1, 32, 56, 21, 41, 40, 10, 26, 49, 31, 15, 16, 5, 11, 57, 52, 7, 6, 8, 29, 20, 22
26: 14, 51, 57, 0, 23, 34, 30, 24, 49, 9, 32, 11, 12, 3, 50, 1, 22, 4, 40, 13, 21, 16, 55
27: 29, 8, 5, 12, 43, 20, 17, 14, 7, 30, 42, 9, 36, 16, 59, 24, 6, 21, 51
28: 58, 50, 54, 49, 7, 32, 44, 45, 19, 51, 12, 38, 53, 0, 3, 59, 31, 14, 36, 2, 47, 55
29: 36, 40, 18, 25, 39, 57, 22, 17, 53, 19, 38, 56, 16, 20, 45, 47, 2, 12, 58, 14, 59, 21, 10, 41
30: 31, 20, 13, 55, 11, 19, 5, 10, 53, 1, 51, 3, 28, 54, 57, 38, 16
31: 12, 25, 34, 45, 3, 22, 53, 46, 17, 6, 4, 54, 11, 16, 15, 21, 38, 9, 37, 30, 40, 1, 48, 8, 0, 55
32: 33, 7, 17, 57, 6, 26, 38, 15, 35, 2, 1, 10, 31, 24, 14, 0, 11, 5, 46, 36, 25, 43, 55
33: 8, 9, 10, 36, 12, 52, 16, 37, 19, 51, 23, 27, 11, 53, 6, 35, 47, 18, 45, 50, 28, 54, 7, 46, 21
34: 40, 18, 29, 9, 39, 7, 35, 54, 20, 12, 59, 11, 13, 32, 25, 1, 52, 46, 23, 38, 19, 10, 47
35: 48, 19, 56, 36, 53, 46, 42, 8, 31, 41, 24, 37, 10, 23, 52, 20, 21, 14, 30, 27, 57, 54
36: 21, 20, 57, 35, 27, 41, 49, 11, 10, 7, 34, 15, 0, 51, 8, 4, 45, 28, 30, 37, 22, 42, 1, 33, 13, 32
37: 39, 59, 32, 8, 25, 17, 53, 31, 51, 14, 27, 1, 28, 11, 18, 54, 10, 24, 13, 5, 58, 6, 38
38: 37, 39, 42, 47, 45, 46, 53, 28, 17, 33, 18, 23, 1, 10, 54, 55, 30, 29, 34, 52, 50, 40, 21, 6, 20
39: 33, 38, 7, 53, 47, 16, 58, 24, 1, 23, 54, 35, 43, 41, 13, 21, 10, 17, 9, 26, 50
40: 26, 33, 9, 20, 18, 46, 17, 51, 37, 57, 30, 5, 25, 13, 36, 24, 12, 32, 49, 35, 16, 39, 6, 44, 14, 38
41: 55, 3, 11, 10, 7, 19, 23, 57, 27, 59, 46, 0, 39, 38, 20, 36, 37, 13, 32, 50, 26, 48, 44, 29, 53, 58, 56
42: 23, 28, 49, 12, 57, 47, 46, 56, 9, 10, 54, 24, 35, 1, 59, 6, 19, 25, 52, 45, 15, 27, 21, 20
43: 34, 19, 16, 38, 23, 58, 29, 5, 46, 0, 17, 27, 49, 44, 50, 51, 24, 40, 53, 56, 15, 32
44: 13, 5, 57, 25, 33, 32, 22, 4, 17, 11, 28, 53, 7, 30, 55, 36, 20, 54, 37, 34, 43, 19, 47, 38, 3, 0, 41, 49
45: 53, 9, 13, 6, 31, 25, 12, 29, 44, 28, 55, 50, 41, 51, 0, 24, 3, 4, 22, 26
46: 4, 35, 52, 5, 59, 42, 33, 57, 30, 25, 16, 45, 44, 27, 55, 34, 21, 50, 17, 26, 38, 7, 14
47: 8, 2, 33, 24, 53, 40, 42, 9, 4, 28, 21, 10, 30, 0, 32, 37, 56, 34, 35, 46, 58, 5, 41, 12, 52, 23, 6, 15, 20, 54, 31
48: 11, 54, 15, 6, 1, 43, 45, 9, 29, 36, 20, 7, 57, 34, 27, 37, 47, 42, 56, 12, 17, 50, 40, 0, 59, 44, 55, 26, 39, 25, 8
49: 59, 1, 0, 11, 57, 54, 10, 40, 55, 27, 41, 44, 7, 37, 16, 38, 34, 17, 58, 31, 26, 56, 12, 30
50: 28, 18, 36, 27, 24, 55, 37, 14, 6, 20, 13, 33, 30, 1, 22, 0, 9, 34, 2, 10, 39, 49, 46, 42, 45, 43, 21
51: 3, 18, 13, 55, 11, 47, 27, 7, 23, 34, 40, 10, 17, 20, 58, 4, 6, 49, 42, 32
52: 43, 50, 48, 49, 53, 47, 21, 2, 59, 19, 26, 0, 12, 27, 39, 55, 37, 17, 15, 54, 9
53: 44, 57, 58, 1, 55, 12, 31, 52, 39, 9, 29, 3, 50, 20, 42, 43, 24, 6, 25, 10, 2, 19, 8
54: 50, 11, 28, 40, 21, 23, 33, 47, 10, 5, 16, 41, 59, 55, 39, 49, 52, 15, 46, 34, 38, 9, 53
55: 8, 49, 28, 52, 33, 40, 24, 15, 35, 32, 47, 11, 5, 36, 12, 3, 46, 54, 4
56: 43, 32, 36, 52, 41, 18, 22, 30, 19, 17, 15, 44, 49, 47, 26, 45, 39
57: 15, 34, 29, 7, 48, 2, 22, 41, 32, 14, 31, 46, 10, 40, 49, 51, 5, 4, 20, 30, 3, 13, 1, 21, 18, 56, 9, 59
58: 6, 59, 9, 33, 7, 42, 57, 12, 47, 38, 22, 2, 51, 28, 3, 46, 56, 48, 29, 17, 0, 52, 32, 5, 18, 16, 54, 23, 14
59: 7, 47, 18, 5, 29, 51, 6, 24, 21, 49, 3, 12, 19, 48, 34, 37, 16, 2, 58, 50, 4, 36, 53, 52, 40, 9, 35, 45, 27, 33, 8

Analysis Results :
size: 60, 1416
average_degree: 23.6
top_5_highest_degrees: 29, 29, 31, 31, 31
top_5_lowest_degrees: 16, 16, 17, 17, 19
in_degrees: 27, 18, 22, 18, 22, 25, 19, 25, 22, 21
out_degrees: 29, 29, 31, 31, 31, 16, 16, 17, 17, 19
degree_counts: {24: 10, 27: 3, 23: 8, 21: 3, 22: 8, 25: 6, 16: 2, 19: 3, 29: 2, 28: 3, 20: 3, 26: 4, 17: 2, 31: 3}
in_degree_counts: {27: 1, 18: 2, 22: 3, 25: 2, 19: 1, 21: 1}
out_degree_counts: {29: 2, 31: 3, 16: 2, 17: 2, 19: 1}
graph_is: The graph is cyclic.
sum_of_in_degrees: 219
sum_of_out_degrees: 236
