Random Generated Graph :
0: 14, 28, 30, 4, 59, 51, 38, 36, 25, 41, 37, 40, 7, 16, 26, 2, 19, 29, 35, 55, 56, 15, 47, 23, 5
1: 27, 0, 31, 18, 21, 56, 42, 38, 15, 51, 55, 39, 5, 47, 30, 35, 26, 49, 25, 36, 58, 45, 23
2: 18, 34, 4, 27, 49, 53, 25, 9, 26, 57, 0, 41, 16, 58, 50, 14, 31, 20, 24, 51, 39, 42, 52
3: 8, 55, 52, 19, 9, 48, 54, 24, 5, 7, 21, 26, 47, 23, 17, 35, 38, 13, 6, 28, 41, 33, 45, 27, 58
4: 57, 40, 19, 42, 14, 1, 31, 38, 12, 13, 10, 25, 16, 49, 56, 27, 50, 2, 15, 47, 9, 8, 58
5: 25, 45, 46, 24, 32, 0, 1, 36, 8, 40, 21, 26, 39, 30, 20, 4, 18, 33, 16, 38, 37, 28
6: 50, 55, 21, 33, 17, 18, 32, 45, 5, 11, 39, 9, 4, 12, 26, 42, 0, 15, 22, 25, 3, 31, 23, 51, 30, 34, 1
7: 15, 45, 44, 41, 52, 12, 21, 13, 3, 19, 51, 43, 2, 46, 37, 53, 24, 49, 33, 39, 0
8: 44, 19, 2, 54, 34, 49, 32, 24, 27, 50, 53, 28, 47, 55, 45, 3, 25, 40, 11, 23
9: 29, 55, 52, 51, 54, 25, 37, 38, 36, 44, 10, 33, 8, 53, 42, 41, 49, 3, 28, 26, 39, 11, 48, 45, 12, 56, 31, 47, 13, 50, 16, 40, 35, 18, 2
10: 14, 58, 49, 54, 7, 44, 27, 33, 20, 0, 56, 35, 6, 22, 29, 28, 50, 15, 23, 8, 59
11: 17, 57, 23, 6, 14, 10, 47, 3, 44, 53, 49, 51, 9, 24, 58, 18, 2, 43, 30, 52, 36
12: 3, 18, 45, 27, 23, 57, 56, 28, 11, 14, 30, 43, 9, 10, 22, 7, 47, 38, 48, 2, 59, 37, 42
13: 19, 40, 57, 33, 31, 3, 18, 22, 59, 5, 34, 49, 48, 46, 0, 42, 35, 17, 12, 39
14: 15, 12, 18, 54, 33, 35, 9, 39, 16, 19, 58, 41, 42, 25, 44, 17, 49, 48, 29
15: 28, 16, 40, 32, 50, 30, 3, 1, 14, 52, 19, 9, 41, 4, 12, 2, 10, 51, 59, 36
16: 7, 0, 15, 54, 8, 2, 1, 53, 37, 27, 6, 55, 51, 3, 58, 30, 33, 43, 14, 18, 44, 56, 19, 17, 40, 22, 25
17: 41, 35, 19, 1, 37, 59, 51, 6, 28, 0, 52, 27, 39, 54, 57, 38, 10, 48, 21, 14, 7, 2, 40, 43, 22, 58, 31
18: 17, 33, 32, 8, 14, 50, 3, 16, 49, 51, 35, 59, 11, 4, 37, 48, 9, 1, 44
19: 26, 58, 23, 52, 16, 27, 18, 17, 50, 24, 31, 35, 13, 15, 45, 32, 30, 28, 37, 53, 48, 55, 2
20: 28, 37, 42, 47, 8, 11, 27, 53, 54, 4, 48, 43, 9, 55, 26, 59, 2, 7, 49, 21, 38, 32, 16, 51, 35, 18
21: 43, 49, 16, 19, 36, 17, 9, 2, 18, 57, 22, 25, 38, 11, 24, 48, 35, 46, 37, 7, 53, 51, 29, 58, 50
22: 38, 49, 56, 47, 25, 27, 34, 17, 9, 46, 29, 37, 58, 43, 55, 0, 35, 2, 20, 3, 40, 10, 45, 39, 11, 42
23: 0, 45, 59, 20, 56, 33, 5, 1, 34, 26, 38, 10, 21, 36, 31, 40, 15, 41, 52, 2, 48, 57
24: 58, 26, 29, 0, 36, 14, 4, 39, 18, 34, 47, 56, 11, 52, 43, 15, 20, 50, 44, 1, 19, 3, 32, 6, 35, 37
25: 29, 46, 8, 53, 52, 31, 3, 56, 13, 37, 6, 24, 28, 26, 4, 14, 19, 10, 17, 33, 47, 43
26: 39, 21, 44, 45, 12, 57, 11, 14, 4, 3, 58, 7, 42, 28, 38, 33, 46, 56, 31, 32, 29, 40, 37, 10, 17, 0, 53, 41, 19
27: 15, 42, 17, 10, 32, 24, 50, 48, 30, 12, 20, 23, 46, 5, 53, 36, 54, 16, 2, 55, 49, 11, 37, 21, 34, 22, 28
28: 21, 7, 18, 35, 58, 29, 12, 47, 15, 45, 0, 1, 40, 38, 30, 41, 31, 16, 50, 13, 42, 22, 44, 5
29: 10, 21, 23, 24, 15, 25, 59, 6, 42, 8, 46, 20, 53, 3, 1, 11, 39, 26, 56, 58, 4, 34, 32, 31, 19
30: 9, 2, 45, 21, 1, 38, 58, 29, 10, 33, 32, 12, 52, 37, 23, 18, 26, 54, 31
31: 21, 32, 43, 16, 57, 45, 24, 7, 1, 51, 26, 35, 37, 12, 47, 46, 33, 6, 58, 52, 18, 38, 13, 0, 39, 25, 40
32: 39, 59, 19, 49, 28, 12, 10, 1, 51, 54, 17, 34, 35, 22, 20, 0, 47, 45, 48, 26, 52, 5, 2, 7
33: 45, 27, 36, 10, 47, 3, 12, 59, 31, 15, 48, 24, 58, 51, 34, 43, 25, 56, 37, 46, 5, 28, 16
34: 53, 47, 43, 11, 36, 59, 45, 57, 55, 37, 18, 33, 30, 26, 40, 44, 42, 58, 25, 29, 13
35: 7, 25, 36, 3, 4, 6, 0, 45, 14, 17, 2, 44, 58, 27, 51, 15, 23, 30, 57, 20, 43, 49, 9, 37
36: 25, 42, 46, 1, 14, 52, 29, 38, 2, 27, 33, 44, 26, 19, 4, 35, 59, 28, 8, 23, 6
37: 45, 29, 57, 21, 1, 10, 59, 51, 12, 32, 39, 13, 49, 56, 22, 40, 35, 8, 6, 5, 14, 28, 41, 44, 53, 9
38: 1, 44, 31, 28, 39, 19, 43, 5, 7, 18, 50, 12, 17, 2, 48, 55, 52, 3, 40, 29, 56, 8, 53, 49, 46, 20
39: 4, 38, 42, 40, 35, 0, 49, 5, 44, 21, 6, 47, 2, 50, 18, 54, 45, 55, 59, 37, 30, 12, 58, 23, 3, 51, 36, 15
40: 23, 1, 22, 44, 41, 53, 8, 47, 54, 42, 51, 5, 3, 13, 21, 24, 34, 15, 29, 35
41: 40, 59, 55, 50, 58, 49, 27, 6, 4, 21, 7, 9, 10, 11, 29, 1, 18, 14, 20, 2, 47
42: 35, 8, 26, 45, 23, 28, 12, 27, 38, 10, 33, 25, 43, 30, 49, 54, 3, 19, 7, 11, 18
43: 44, 13, 26, 41, 15, 25, 30, 50, 53, 1, 40, 35, 14, 34, 54, 33, 59, 19, 51, 57, 23, 17, 24, 29, 55, 32
44: 2, 42, 41, 51, 30, 1, 35, 46, 18, 47, 10, 13, 32, 11, 45, 39, 40, 23, 25, 49, 48, 8
45: 11, 9, 26, 46, 47, 22, 25, 59, 8, 40, 10, 54, 39, 18, 30, 57, 42, 48, 28, 16, 41, 35, 53, 0, 36, 34
46: 8, 20, 49, 35, 31, 38, 13, 26, 11, 7, 10, 19, 57, 32, 21, 36, 14, 51, 33, 27, 29, 43, 28, 34
47: 27, 58, 26, 38, 4, 48, 28, 43, 20, 41, 50, 23, 13, 32, 45, 37, 55, 31, 25, 1, 21, 12, 15, 57, 53
48: 12, 41, 15, 33, 6, 39, 18, 34, 5, 53, 13, 26, 54, 59, 57, 37, 30, 9, 45, 32, 55, 14
49: 4, 21, 42, 5, 56, 37, 16, 8, 3, 45, 38, 18, 54, 28, 46, 50, 35, 41, 51, 27, 57, 58, 34, 36
50: 3, 22, 44, 0, 14, 6, 32, 31, 33, 51, 48, 10, 16, 53, 54, 43, 29, 19
51: 33, 18, 52, 36, 3, 10, 23, 48, 9, 41, 53, 4, 40, 5, 20, 57, 1, 26, 28
52: 40, 46, 10, 19, 9, 51, 0, 50, 36, 3, 32, 55, 5, 25, 8, 16, 30, 31, 48, 44, 34, 49, 24, 23, 17, 35, 22
53: 6, 51, 28, 29, 10, 35, 56, 54, 24, 17, 33, 59, 20, 12, 37, 30, 14, 58, 16, 34, 27, 23, 36, 19, 25, 26, 13
54: 14, 16, 8, 20, 58, 37, 6, 57, 40, 4, 15, 41, 21, 22, 28, 27, 42, 47, 7, 35
55: 50, 56, 21, 40, 48, 22, 3, 51, 34, 52, 31, 59, 19, 29, 4, 46, 20, 15, 23, 32, 2, 6, 37, 47, 26, 49, 28, 7
56: 46, 34, 13, 4, 58, 20, 37, 30, 3, 5, 14, 22, 0, 43, 19, 44, 42, 38, 59, 21, 1, 11, 18, 54, 32, 25, 36
57: 17, 34, 44, 26, 50, 13, 6, 3, 25, 56, 21, 0, 36, 42, 48, 30, 46, 33, 4
58: 2, 11, 29, 26, 3, 13, 12, 4, 1, 44, 55, 45, 34, 50, 53, 33, 47, 20, 49, 42, 19, 32, 39
59: 1, 6, 22, 56, 3, 0, 39, 36, 10, 9, 14, 38, 53, 8, 55, 23, 43, 13, 19, 47, 45, 50

Analysis Results :
size: 60, 1416
average_degree: 23.6
top_5_highest_degrees: 27, 28, 28, 29, 35
top_5_lowest_degrees: 18, 19, 19, 19, 19
in_degrees: 21, 22, 21, 29, 21, 24, 25, 28, 23, 28
out_degrees: 27, 28, 28, 29, 35, 18, 19, 19, 19, 19
degree_counts: {25: 5, 23: 7, 22: 6, 27: 8, 21: 7, 20: 5, 35: 1, 19: 5, 26: 7, 29: 1, 24: 5, 28: 2, 18: 1}
in_degree_counts: {21: 3, 22: 1, 29: 1, 24: 1, 25: 1, 28: 2, 23: 1}
out_degree_counts: {27: 1, 28: 2, 29: 1, 35: 1, 18: 1, 19: 4}
graph_is: The graph is cyclic.
sum_of_in_degrees: 242
sum_of_out_degrees: 241
