Random Generated Graph :
0: 50, 42, 22, 48, 33, 58, 30, 26, 39, 23, 21, 11, 55, 16, 43, 5, 27, 38, 49, 1, 51, 15, 18, 3, 25, 46, 24
1: 4, 47, 24, 41, 40, 2, 34, 20, 11, 36, 7, 17, 45, 27, 35, 14, 53, 3, 28, 9, 12, 15, 30, 43, 42
2: 31, 53, 27, 38, 6, 39, 41, 8, 19, 33, 24, 10, 56, 50, 26, 28, 12, 43, 17, 16, 13, 25, 45, 46
3: 23, 11, 26, 36, 56, 41, 16, 6, 9, 33, 57, 25, 7, 31, 39, 42, 0, 14, 49, 8, 10
4: 40, 32, 49, 21, 13, 11, 7, 47, 41, 14, 42, 1, 19, 6, 57, 26, 51, 27, 54, 55, 29, 35, 36, 53, 20
5: 18, 23, 50, 47, 30, 39, 48, 12, 45, 16, 20, 33, 57, 37, 35, 44, 19, 2, 11, 54, 17, 13, 38, 53, 41, 42, 32, 56
6: 21, 44, 10, 59, 15, 39, 17, 24, 22, 46, 32, 50, 27, 3, 36, 52, 54, 45, 26, 2
7: 14, 12, 26, 6, 18, 2, 32, 41, 17, 39, 44, 10, 37, 29, 57, 43, 54, 27, 21, 3, 8, 47, 38, 13
8: 40, 14, 28, 42, 38, 57, 25, 32, 31, 13, 30, 53, 17, 7, 50, 29, 27, 41, 18, 43, 36, 24, 20, 15, 9, 46, 49, 16
9: 26, 18, 25, 44, 6, 28, 46, 12, 52, 29, 54, 36, 16, 2, 10, 38, 48, 41, 22, 33, 31
10: 24, 25, 6, 26, 46, 19, 3, 21, 23, 33, 31, 4, 11, 50, 52, 12, 8, 42, 22, 30, 44, 48, 57, 43, 14, 5
11: 47, 26, 9, 17, 22, 52, 28, 12, 44, 57, 0, 36, 46, 10, 7, 16, 38, 41, 23, 24, 1, 2
12: 7, 48, 11, 49, 52, 20, 39, 40, 53, 19, 33, 13, 45, 42, 14, 37, 28, 31, 47, 35, 18, 30, 21, 58, 55, 41, 26
13: 28, 52, 14, 41, 19, 51, 43, 24, 48, 29, 20, 32, 15, 17, 50, 58, 0, 40, 53, 16, 4, 56, 18, 11, 9, 45, 27
14: 39, 23, 27, 44, 36, 48, 32, 56, 55, 15, 26, 57, 21, 37, 46, 6, 45, 0
15: 4, 34, 51, 28, 35, 6, 44, 48, 46, 0, 43, 2, 11, 59, 49, 3, 1, 55, 52, 40, 17, 38, 24, 10, 25, 39, 50, 13
16: 33, 44, 31, 58, 40, 48, 56, 49, 23, 20, 35, 14, 38, 37, 21, 8, 57, 41, 7, 10, 45, 52, 2, 55, 26, 29
17: 4, 16, 1, 10, 28, 0, 29, 52, 36, 3, 53, 26, 41, 5, 19, 7, 47, 59, 25, 37, 32, 54, 6, 13, 57, 31, 48
18: 58, 7, 54, 3, 0, 28, 39, 8, 49, 41, 2, 40, 33, 14, 46, 53, 34, 29, 4, 32, 44, 57, 43, 6, 12, 59, 20, 38, 11, 19, 50, 30, 56, 36, 48
19: 50, 39, 33, 11, 9, 4, 52, 28, 41, 53, 45, 32, 27, 14, 10, 55
20: 55, 36, 31, 4, 12, 38, 47, 2, 9, 22, 18, 21, 46, 32, 28, 40, 15, 16, 7, 26, 35, 27
21: 17, 38, 5, 43, 0, 32, 9, 13, 39, 34, 11, 25, 28, 58, 2, 56, 35, 40, 14, 24, 8, 45, 29, 42, 12, 48, 41, 30, 52
22: 1, 56, 35, 18, 33, 9, 37, 38, 41, 34, 2, 14, 13, 16, 54, 8, 36, 27, 26, 25, 21, 59, 17, 55, 40, 47, 49, 57, 23, 31, 5, 32
23: 9, 20, 34, 0, 2, 21, 37, 11, 12, 8, 59, 19, 45, 39, 35, 47, 16, 4, 43, 50, 48, 46, 42, 28, 5, 14
24: 31, 37, 50, 7, 11, 32, 13, 25, 5, 2, 33, 41, 29, 17, 39, 59
25: 37, 59, 39, 43, 49, 8, 14, 2, 34, 31, 5, 22, 29, 42, 45, 56, 48, 24, 38, 10, 19, 53, 12, 30, 0, 16, 54, 15, 44
26: 49, 44, 11, 5, 43, 21, 56, 37, 2, 20, 59, 41, 8, 40, 52, 7, 0, 34, 10, 19, 17, 42, 31, 46, 33, 48, 45
27: 48, 40, 13, 23, 5, 4, 25, 38, 15, 37, 57, 51, 1, 30, 24, 42, 59, 34, 50, 9, 47, 44, 10, 33
28: 43, 36, 11, 48, 26, 41, 16, 52, 7, 51, 59, 39, 55, 33
29: 59, 34, 20, 45, 46, 27, 22, 15, 16, 8, 3, 10, 18, 56, 55, 43, 1, 5, 28
30: 55, 7, 2, 40, 47, 43, 50, 35, 16, 53, 13, 9, 18, 56, 24, 17, 10, 12, 14, 25, 48, 19, 57, 28, 54, 27
31: 37, 50, 33, 45, 59, 22, 39, 58, 46, 55, 26, 17, 15, 51, 5, 56, 13, 6, 48, 47, 36, 43, 12
32: 6, 45, 11, 52, 19, 59, 41, 12, 36, 54, 46, 22, 13, 5, 30, 39
33: 7, 35, 38, 37, 46, 45, 13, 48, 24, 3, 29, 47, 1, 40, 28, 15, 22, 56, 23, 4, 39, 57, 9
34: 2, 22, 51, 11, 41, 0, 48, 42, 53, 46, 4, 32, 17, 21, 54, 55, 3, 7, 20, 35, 16
35: 46, 3, 21, 38, 39, 48, 51, 15, 25, 29, 43, 31, 42, 20, 5, 55, 4, 17, 53, 44, 37, 34, 45, 0, 56
36: 16, 4, 10, 45, 54, 21, 49, 17, 38, 56, 24, 22, 7, 44, 5, 46
37: 21, 27, 43, 58, 38, 49, 7, 34, 47, 9, 20, 35, 51, 41, 4, 13, 12, 1, 10, 28, 3, 44, 14, 54, 11, 50, 40, 22
38: 53, 16, 20, 24, 39, 41, 2, 58, 36, 22, 51, 49, 19, 31, 55, 54, 29, 15, 34, 46, 17, 4, 8
39: 21, 18, 24, 13, 44, 16, 51, 5, 45, 6, 48, 47, 41, 29, 27, 15, 59, 19, 0, 10, 54
40: 57, 53, 31, 39, 43, 35, 17, 10, 46, 18, 11, 9, 21, 56, 8, 37, 36, 33, 51, 12, 58, 45, 5
41: 59, 43, 8, 55, 58, 20, 31, 56, 15, 32, 2, 36, 18, 44, 52, 28, 12, 49, 7, 6, 38, 25
42: 28, 54, 58, 59, 47, 53, 37, 29, 33, 23, 35, 46, 39, 31, 5, 27, 7, 32, 43
43: 24, 11, 52, 36, 23, 40, 32, 57, 18, 7, 44, 25, 27, 16, 31, 19, 26, 55, 14, 34, 5, 53, 3, 1, 49, 20, 6
44: 59, 55, 6, 26, 10, 34, 35, 53, 45, 8, 40, 39, 2, 4, 48, 14, 19
45: 29, 41, 6, 4, 39, 18, 13, 34, 16, 53, 43, 20, 5, 0, 51, 1, 23, 25, 58, 44, 52, 2
46: 51, 34, 3, 18, 57, 23, 56, 32, 6, 19, 37, 13, 36, 43, 7, 16, 30
47: 38, 17, 26, 14, 53, 48, 4, 21, 24, 52, 29, 3, 41, 35, 0, 10, 19, 13, 45, 23, 46, 2, 50, 51, 44, 30, 43, 31, 37
48: 50, 38, 19, 1, 8, 55, 12, 11, 23, 13, 27, 5, 44, 56, 36, 4, 22, 47, 45, 32, 40, 59, 42, 57, 30
49: 9, 44, 16, 27, 40, 23, 30, 35, 58, 50, 2, 26, 34, 33, 6, 1, 51, 7, 53, 25, 39, 52, 55, 19, 38, 46, 36, 0, 20, 22
50: 11, 48, 55, 56, 4, 28, 26, 13, 35, 3, 34, 1, 16, 41, 51, 0
51: 30, 19, 21, 8, 55, 2, 43, 16, 44, 54, 56, 50, 20, 27, 58, 59, 52, 36, 12, 1, 22, 18, 5, 34, 6, 35
52: 55, 21, 44, 53, 8, 23, 15, 14, 29, 4, 24, 5, 19, 46, 2, 54, 9, 1, 57, 7, 28, 26, 17, 16, 59, 42
53: 23, 48, 41, 34, 46, 59, 24, 29, 15, 17, 21, 13, 12, 33, 39, 4, 43, 31
54: 27, 39, 4, 21, 36, 34, 2, 14, 18, 35, 10, 48, 53, 33, 5, 13, 0, 52, 6, 19, 1, 22, 41, 45, 56, 20, 42, 9, 47
55: 58, 42, 22, 34, 32, 53, 8, 37, 19, 59, 36, 16, 50, 18, 54, 12, 39, 33, 15, 38, 4, 30, 24, 43
56: 32, 41, 12, 7, 2, 5, 47, 30, 0, 57, 16, 51, 34, 45, 20, 6, 23, 42, 8, 50, 27, 33
57: 56, 17, 1, 27, 39, 30, 40, 36, 46, 44, 31, 24, 55, 48, 59, 53, 13, 19, 18, 54, 29, 3, 26
58: 14, 39, 43, 44, 38, 17, 3, 59, 36, 1, 42, 22, 32, 34, 0, 4, 18, 25, 35, 47, 37, 48
59: 21, 34, 37, 6, 7, 19, 29, 23, 27, 32, 39, 38, 53, 2, 45, 8, 44, 51, 0, 4, 48, 54, 36, 20

Analysis Results :
size: 60, 1416
average_degree: 23.6
top_5_highest_degrees: 29, 29, 30, 32, 35
top_5_lowest_degrees: 14, 16, 16, 16, 16
in_degrees: 21, 22, 16, 21, 22, 22, 27, 23, 24, 28
out_degrees: 29, 29, 30, 32, 35, 14, 16, 16, 16, 16
degree_counts: {27: 6, 25: 4, 24: 5, 21: 4, 28: 4, 20: 1, 26: 6, 22: 6, 18: 2, 35: 1, 16: 5, 29: 4, 32: 1, 14: 1, 19: 2, 23: 5, 17: 2, 30: 1}
in_degree_counts: {21: 2, 22: 3, 16: 1, 27: 1, 23: 1, 24: 1, 28: 1}
out_degree_counts: {29: 2, 30: 1, 32: 1, 35: 1, 14: 1, 16: 4}
graph_is: The graph is cyclic.
sum_of_in_degrees: 226
sum_of_out_degrees: 233
