Random Generated Graph :
0: 27, 37, 1, 16, 3, 15, 2, 59, 22, 41, 56, 43, 54, 32, 5, 10, 23, 21, 31, 20, 40, 4, 53, 47, 36, 25, 19, 24
1: 10, 25, 5, 27, 2, 17, 21, 14, 58, 15, 33, 41, 44, 53, 23, 13, 31, 19, 46
2: 19, 28, 54, 44, 41, 8, 49, 48, 35, 21, 18, 20, 4, 22, 55, 39, 26, 42, 36, 6, 51, 57, 32
3: 34, 29, 33, 42, 6, 41, 39, 44, 16, 15, 36, 32, 26, 22, 54, 25, 23, 12, 19, 35
4: 11, 54, 38, 47, 27, 57, 36, 37, 22, 39, 55, 18, 34, 2, 32, 15, 25, 33, 41, 10
5: 19, 49, 43, 58, 16, 51, 37, 24, 59, 6, 26, 46, 33, 2, 14, 38, 20, 48, 42, 56, 44, 7
6: 21, 18, 32, 13, 10, 50, 27, 8, 4, 53, 17, 28, 26, 5, 38, 30, 33, 44, 36
7: 50, 46, 16, 3, 56, 37, 14, 6, 20, 0, 5, 29, 26, 10, 4, 12, 39, 55, 42, 54, 43, 59, 53, 36, 11, 22, 45
8: 36, 19, 37, 53, 56, 29, 38, 14, 33, 15, 47, 51, 49, 35, 11, 23, 5, 39, 31, 24, 16, 52, 26, 32, 22, 6, 21, 54, 10, 2, 34, 28, 50
9: 38, 3, 37, 10, 25, 31, 36, 45, 0, 21, 28, 23, 26, 51, 41, 11, 18, 42, 53, 48, 44, 14, 52, 50
10: 4, 46, 17, 54, 39, 45, 3, 38, 14, 20, 51, 44, 34, 29, 6, 37, 13, 58, 56, 21, 28, 24, 7
11: 6, 17, 42, 59, 51, 19, 25, 32, 54, 13, 12, 58, 21, 33, 44, 28, 39, 10, 23, 53, 31, 29, 20, 49, 56, 16
12: 45, 21, 31, 37, 40, 56, 17, 27, 55, 0, 10, 54, 18, 6, 46, 47, 59, 22, 29, 7, 19, 20
13: 52, 16, 25, 14, 8, 15, 20, 53, 27, 9, 2, 46, 51, 31, 47, 35, 56, 54, 45
14: 58, 53, 12, 3, 23, 56, 25, 51, 15, 5, 13, 9, 22, 36, 11, 2, 46, 31, 21, 19, 59, 33, 52, 37, 27
15: 21, 39, 26, 36, 30, 57, 58, 5, 27, 54, 13, 4, 31, 55, 22, 20, 11, 42, 10, 40, 6, 1, 2, 49, 37, 8, 46, 24, 17
16: 55, 23, 44, 30, 46, 51, 10, 35, 3, 50, 53, 47, 19, 49, 27, 8, 28, 31, 34, 26, 12, 24, 39
17: 39, 37, 18, 44, 49, 26, 2, 12, 31, 48, 34, 32, 3, 25, 6, 11, 5, 43, 58, 38, 36, 46, 13
18: 56, 34, 10, 55, 42, 44, 7, 51, 52, 32, 5, 9, 54, 12, 53, 11, 36, 33, 57, 23, 26, 6, 0
19: 4, 14, 10, 41, 5, 1, 39, 33, 35, 7, 2, 13, 12, 42, 21, 0, 29, 53
20: 18, 1, 31, 58, 12, 47, 30, 26, 32, 29, 56, 24, 4, 10, 36, 0, 57, 50, 9, 49, 23, 44, 55, 37, 25, 42, 53, 45, 15, 52, 34
21: 46, 35, 13, 0, 26, 38, 39, 5, 52, 9, 27, 47, 59, 7, 33, 23, 30, 51, 36, 1, 4, 24
22: 6, 39, 29, 51, 25, 41, 10, 33, 48, 53, 21, 26, 8, 11, 31, 30, 20, 37, 42, 56, 59, 34, 27, 50, 3
23: 19, 27, 49, 21, 53, 37, 1, 18, 25, 30, 48, 45, 55, 0, 17, 44, 50, 40, 15, 9, 5, 46
24: 4, 35, 9, 44, 6, 27, 41, 51, 10, 56, 2, 29, 16, 12, 14, 3, 0, 32, 15, 43, 40, 59, 47, 33, 57, 5
25: 0, 4, 59, 57, 37, 5, 2, 50, 30, 24, 43, 21, 33, 15, 16, 10, 19, 7, 52, 11, 38, 1, 48, 9, 23, 45, 13
26: 36, 9, 18, 46, 10, 6, 56, 13, 29, 15, 27, 19, 44, 34, 8, 2, 24, 17, 23, 52, 58, 1
27: 54, 34, 41, 59, 26, 25, 6, 9, 21, 8, 28, 38, 43, 44, 19, 35, 0, 53, 52, 47
28: 45, 7, 42, 19, 49, 48, 34, 51, 53, 15, 17, 30, 31, 9, 36, 58, 56, 24, 22, 2, 10, 37, 5, 40, 44, 23, 26, 21
29: 51, 47, 31, 17, 26, 43, 53, 5, 32, 54, 52, 39, 35, 16, 56, 2, 25, 57, 45, 11, 44, 6, 40, 22
30: 32, 3, 20, 41, 38, 19, 9, 15, 5, 51, 33, 16, 11, 37, 10, 8, 57, 58, 25, 56
31: 57, 16, 29, 25, 35, 52, 19, 53, 37, 18, 50, 38, 51, 46, 21, 13, 5, 47, 30, 1, 6, 32
32: 51, 37, 48, 41, 44, 27, 43, 56, 29, 4, 46, 9, 42, 5, 24, 0, 23, 26, 59, 52
33: 24, 17, 22, 39, 43, 50, 40, 26, 11, 38, 53, 23, 42, 28, 34, 56, 57, 10, 54, 49, 15, 6, 27, 44, 3, 4
34: 10, 57, 29, 21, 5, 56, 47, 45, 4, 31, 43, 53, 48, 30, 12, 19, 38, 2, 11, 9, 0, 26, 55, 35, 54, 8, 40
35: 10, 8, 6, 17, 29, 1, 22, 46, 3, 45, 27, 38, 58, 44, 37, 28, 52, 20, 39, 36, 7, 25, 13, 19, 2
36: 32, 13, 2, 24, 14, 1, 57, 53, 25, 41, 52, 34, 39, 59, 55, 29, 50, 10, 3, 17, 47, 30, 21, 15, 45, 44, 20, 42, 27
37: 35, 42, 56, 18, 4, 59, 50, 38, 16, 49, 46, 9, 57, 1, 52, 5, 25, 24, 36, 0, 8, 28, 51, 32, 23, 47, 41, 26, 10
38: 6, 57, 35, 44, 58, 15, 41, 24, 43, 13, 1, 5, 40, 11, 53, 10, 21, 8, 47, 0, 48
39: 53, 33, 8, 34, 55, 15, 56, 24, 22, 1, 59, 5, 37, 3, 23, 18, 6, 7, 44, 46, 9, 10, 52, 51
40: 27, 36, 16, 7, 55, 57, 13, 51, 24, 42, 4, 59, 2, 52, 54, 18, 21, 30, 46, 26, 10, 32, 50, 33
41: 46, 16, 1, 10, 3, 14, 56, 25, 55, 45, 51, 53, 44, 30, 52, 2, 57, 12, 26, 24, 27, 32, 11, 5, 33, 47
42: 45, 19, 17, 12, 7, 14, 18, 6, 20, 2, 5, 24, 43, 44, 36, 54, 58, 38, 28, 32, 50, 13, 23, 40, 31, 41
43: 1, 16, 44, 39, 40, 46, 53, 10, 42, 32, 51, 28, 36, 54, 8, 18, 4, 17, 41, 11, 56, 9, 58
44: 34, 4, 57, 22, 49, 48, 6, 8, 27, 36, 16, 30, 42, 25, 47, 38, 1, 31, 24, 20, 26, 14, 23
45: 7, 23, 40, 42, 21, 20, 59, 39, 58, 57, 10, 27, 49, 48, 15, 2, 41, 31, 29, 12
46: 45, 9, 16, 55, 41, 0, 23, 32, 44, 51, 20, 36, 15, 40, 24, 7, 50, 35, 26, 38, 52, 34
47: 55, 57, 45, 51, 28, 43, 2, 33, 10, 4, 24, 39, 19, 29, 6, 42, 48, 54, 16, 3
48: 34, 1, 8, 30, 5, 43, 14, 15, 59, 32, 11, 51, 57, 22, 42, 40, 4, 46, 50, 36, 10, 18, 23, 47, 17, 7, 25, 6, 52, 38
49: 34, 40, 46, 3, 19, 14, 0, 20, 18, 23, 45, 35, 50, 24, 12, 51, 54, 55, 1, 26, 48, 33, 52, 28, 2, 41, 9, 27, 13, 21, 43, 47
50: 55, 21, 38, 5, 58, 27, 33, 46, 24, 12, 57, 14, 26, 49, 11, 37, 15, 20, 4, 44, 8, 30, 40, 10
51: 43, 30, 0, 9, 36, 28, 52, 8, 23, 17, 5, 59, 29, 38, 1, 19
52: 23, 24, 11, 43, 30, 47, 29, 13, 36, 32, 44, 59, 21, 2, 38, 34, 25, 48, 53, 0, 17, 45, 37, 8, 12
53: 58, 42, 0, 6, 11, 18, 8, 4, 21, 57, 34, 14, 10, 44, 26, 45
54: 31, 23, 11, 39, 41, 16, 8, 56, 4, 32, 24, 40, 21, 55, 13, 57, 29, 2, 28, 6, 7, 10, 25
55: 44, 51, 50, 21, 31, 57, 18, 13, 49, 59, 40, 26, 22, 15, 3, 35, 1, 10, 38, 41
56: 41, 2, 57, 10, 11, 59, 24, 54, 35, 13, 30, 49, 0, 27, 36, 52, 15, 8, 16, 14, 6, 53, 51, 18, 47
57: 15, 37, 22, 2, 31, 54, 9, 35, 23, 38, 30, 45, 20, 47, 44, 17, 3, 46, 26, 29, 18, 55, 49, 14, 21, 48, 4, 59, 1
58: 39, 10, 31, 52, 1, 35, 5, 3, 2, 56, 12, 13, 15, 49, 16, 41, 8
59: 31, 20, 18, 32, 39, 35, 7, 14, 24, 26, 40, 13, 25, 42, 47, 22, 46, 8, 44

Analysis Results :
size: 60, 1416
average_degree: 23.6
top_5_highest_degrees: 29, 30, 31, 32, 33
top_5_lowest_degrees: 16, 16, 17, 18, 19
in_degrees: 26, 17, 21, 19, 25, 29, 28, 18, 23, 23
out_degrees: 29, 30, 31, 32, 33, 16, 16, 17, 18, 19
degree_counts: {28: 2, 19: 4, 23: 8, 20: 8, 22: 7, 27: 3, 33: 1, 24: 5, 26: 5, 25: 5, 29: 4, 18: 1, 31: 1, 21: 1, 30: 1, 32: 1, 16: 2, 17: 1}
in_degree_counts: {26: 1, 17: 1, 21: 1, 19: 1, 25: 1, 29: 1, 28: 1, 18: 1, 23: 2}
out_degree_counts: {29: 1, 30: 1, 31: 1, 32: 1, 33: 1, 16: 2, 17: 1, 18: 1, 19: 1}
graph_is: The graph is cyclic.
sum_of_in_degrees: 229
sum_of_out_degrees: 241
