Random Generated Graph :
0: 20, 5, 10, 36, 34, 39, 4, 14, 38, 58, 2, 12, 51, 57, 18, 15, 7, 30, 22, 37, 47, 50, 33, 13, 32
1: 46, 21, 50, 57, 16, 2, 10, 48, 9, 38, 42, 39, 40, 7, 26, 0, 15, 5, 53, 56, 18, 25, 51, 31, 58, 55, 27
2: 15, 58, 23, 49, 29, 9, 3, 10, 45, 18, 52, 53, 1, 11, 6, 36, 35, 57, 4, 5, 22, 28, 38, 39, 55, 25
3: 54, 41, 2, 50, 59, 26, 40, 9, 28, 30, 4, 35, 57, 19, 51, 18, 24, 58, 0, 27, 48, 49, 36
4: 20, 13, 26, 29, 2, 55, 7, 50, 43, 28, 16, 32, 45, 38, 49, 1, 48, 8, 6, 10, 35
5: 57, 22, 58, 26, 14, 12, 41, 6, 23, 56, 29, 49, 10, 48, 52, 44, 31, 27, 11, 34, 54, 39, 37, 1, 42, 21, 59
6: 7, 58, 33, 2, 5, 50, 8, 0, 12, 54, 1, 59, 15, 41, 19, 13, 30
7: 24, 46, 45, 51, 21, 15, 4, 17, 6, 57, 58, 12, 23, 47, 20, 54, 52, 37, 49, 33, 27, 53, 14, 28, 32, 44, 36, 29, 13, 1, 26
8: 22, 16, 37, 24, 20, 54, 35, 59, 19, 9, 31, 1, 13, 6, 26, 11, 49, 27, 18, 53, 45, 4, 25, 33
9: 20, 39, 0, 45, 4, 10, 56, 13, 12, 1, 24, 58, 57, 53, 34, 38, 26, 55, 27, 43, 8, 52, 5, 29
10: 0, 48, 39, 36, 8, 26, 13, 57, 5, 53, 19, 4, 28, 51, 55, 30, 24, 58, 11, 52, 49
11: 22, 49, 31, 44, 16, 13, 15, 25, 53, 19, 57, 54, 56, 43, 27, 41, 3, 20, 39, 52, 14, 32, 36, 28, 46, 34, 7
12: 18, 29, 27, 3, 41, 31, 15, 5, 20, 25, 34, 58, 11, 46, 17, 51, 39, 24, 2, 43, 37, 38, 59
13: 11, 7, 16, 26, 35, 28, 20, 47, 29, 39, 23, 49, 55, 12, 31, 14, 36, 46, 32, 53, 19, 15, 3, 38, 4, 24
14: 18, 51, 50, 13, 59, 39, 36, 38, 6, 11, 28, 25, 7, 19, 16, 29, 52, 42, 53, 21, 20, 10, 26, 30, 58
15: 18, 38, 45, 3, 32, 21, 39, 9, 19, 11, 58, 41, 37, 27, 20, 35, 10, 50, 5, 42, 53, 14, 24, 51, 56, 34, 4, 23, 49, 36
16: 39, 55, 58, 31, 29, 51, 42, 24, 32, 30, 19, 0, 48, 43, 34, 46, 20, 18, 9, 54, 25
17: 36, 21, 53, 35, 48, 45, 56, 14, 22, 5, 18, 41, 44, 29, 15, 12, 58, 52, 6, 27, 31
18: 56, 24, 12, 43, 11, 58, 48, 45, 33, 15, 9, 3, 38, 25, 34, 53, 41, 4, 47, 30, 14, 52, 36
19: 39, 44, 29, 18, 10, 30, 20, 37, 43, 11, 3, 59, 8, 42, 38, 51, 17, 1, 57, 15, 36, 24, 27, 32, 9, 22, 45, 50, 25
20: 54, 56, 15, 51, 5, 49, 14, 22, 12, 44, 7, 52, 0, 11, 45, 25, 34, 53, 41, 35, 39, 48, 37
21: 29, 12, 7, 50, 43, 5, 19, 11, 36, 40, 56, 9, 35, 54, 8, 49, 4, 38, 1, 30
22: 53, 57, 23, 39, 33, 6, 28, 55, 26, 17, 1, 4, 25, 50, 44, 42, 8, 2, 16, 11, 34, 12
23: 46, 44, 38, 32, 22, 28, 12, 34, 8, 7, 48, 24, 15, 43, 42, 45, 0, 33, 11, 53, 47, 29, 51, 57, 41, 16, 58, 37, 17, 55
24: 2, 42, 48, 21, 37, 14, 38, 36, 40, 57, 25, 10, 34, 22, 50, 31, 53, 32, 29, 23, 9, 5, 39, 30, 55
25: 33, 44, 53, 12, 13, 6, 37, 20, 43, 45, 34, 41, 51, 31, 36, 47, 57, 10, 18, 46, 38
26: 50, 54, 0, 38, 32, 55, 24, 11, 45, 28, 37, 31, 47, 22, 13, 2, 25, 30, 35, 48, 40, 9, 17, 4, 5, 29, 59, 41
27: 58, 3, 44, 1, 45, 33, 17, 42, 34, 43, 24, 6, 48, 31, 47, 25, 8, 37, 26, 52, 49, 40
28: 29, 50, 3, 42, 47, 48, 41, 0, 46, 34, 24, 53, 33, 37, 6, 49, 16, 23, 13, 43, 31, 15
29: 46, 4, 37, 43, 45, 57, 10, 22, 31, 0, 34, 23, 16, 58, 55, 42, 54, 15, 12, 52, 6, 19
30: 54, 14, 39, 2, 13, 44, 50, 45, 55, 40, 12, 17, 6, 21, 36, 29, 0, 1, 53, 25, 22, 3, 10, 41, 27
31: 5, 52, 24, 40, 12, 41, 23, 25, 22, 7, 54, 55, 50, 32, 21, 19, 49, 33, 11, 59, 48
32: 51, 21, 38, 33, 27, 25, 12, 7, 43, 20, 28, 41, 19, 40, 2, 30, 45, 3, 59, 39, 22, 26, 57, 49
33: 3, 21, 7, 19, 0, 2, 58, 53, 16, 36, 11, 51, 37, 30, 50, 23, 46, 26, 52, 39, 31, 40, 25, 20, 1, 59
34: 55, 50, 45, 5, 56, 32, 52, 12, 13, 29, 42, 26, 20, 6, 14, 58, 21
35: 43, 1, 39, 21, 41, 4, 13, 48, 34, 29, 15, 38, 32, 51, 12, 47, 18, 40, 52, 25, 54, 10, 11, 28
36: 57, 44, 8, 6, 15, 46, 9, 55, 47, 13, 0, 35, 10, 20, 26, 33, 29, 42, 28, 27, 49, 45, 30
37: 36, 6, 51, 1, 13, 27, 18, 26, 4, 49, 7, 19, 54, 34, 35, 8, 45, 52, 40, 5, 59, 57, 53, 56
38: 41, 25, 37, 30, 23, 34, 21, 8, 31, 26, 49, 7, 18, 48, 36, 19, 53
39: 26, 0, 48, 34, 10, 16, 6, 58, 29, 31, 8, 40, 43, 59, 32, 42, 52, 17, 11, 51
40: 53, 2, 24, 27, 32, 31, 52, 54, 6, 28, 15, 47, 20, 4, 10, 55, 35, 37, 0, 19, 34, 39, 3, 16
41: 55, 37, 53, 14, 42, 8, 29, 10, 34, 28, 36, 49, 40, 46, 4, 15, 20, 47, 26, 2, 25, 16
42: 0, 39, 37, 18, 50, 48, 57, 35, 2, 3, 22, 11, 32, 21, 17, 46, 10, 25, 12, 47, 4
43: 5, 6, 42, 16, 17, 59, 20, 1, 53, 27, 19, 48, 24, 39, 10, 26, 31, 8, 44, 9, 11, 55, 25, 30
44: 24, 40, 36, 41, 25, 50, 16, 48, 2, 4, 26, 28, 57, 49, 8, 35, 30, 55, 33, 22, 53, 23, 42, 19, 47, 52, 3
45: 4, 2, 7, 23, 17, 42, 32, 11, 53, 47, 58, 35, 31, 37, 28, 21, 10, 55, 36, 22, 50, 30, 24
46: 8, 6, 12, 45, 2, 54, 55, 30, 51, 16, 14, 10, 13, 52, 39, 35, 17, 20, 11, 28, 48
47: 58, 15, 52, 28, 13, 41, 23, 26, 4, 2, 59, 21, 25, 51, 10, 38, 0, 56, 14, 48, 57, 31, 20, 9, 3, 36
48: 16, 12, 56, 38, 18, 4, 21, 1, 15, 19, 10, 11, 5, 23, 46, 32, 35, 45, 6, 49, 42, 51, 20, 0, 57, 52, 40
49: 0, 34, 41, 12, 56, 2, 32, 35, 48, 22, 15, 29, 18, 4, 43, 16, 9, 23, 58
50: 52, 20, 22, 11, 14, 33, 24, 59, 45, 3, 53, 41, 5, 18, 46, 36, 32, 6, 35, 34, 23, 28, 54, 48, 30
51: 14, 9, 1, 5, 35, 33, 23, 32, 17, 30, 6, 41, 52, 40, 56, 24, 8, 26, 10, 18, 42, 19
52: 43, 19, 10, 50, 23, 6, 17, 45, 15, 24, 44, 59, 33, 18, 8, 7, 5, 30, 36, 55, 41, 35, 22
53: 12, 15, 38, 33, 8, 57, 21, 41, 28, 46, 9, 26, 14, 51, 35, 55, 54, 49, 42, 34, 48, 0, 17, 29
54: 49, 55, 1, 10, 26, 30, 43, 5, 56, 28, 20, 29, 7, 13, 35, 27, 31, 19, 21, 58, 17, 46, 12
55: 40, 24, 37, 26, 7, 15, 11, 9, 5, 52, 51, 56, 20, 34, 10, 53, 57, 59, 49, 42, 48, 47, 6, 18, 33, 23, 38
56: 39, 11, 24, 59, 2, 54, 4, 30, 44, 37, 36, 0, 13, 14, 12, 22, 52, 32, 9
57: 24, 22, 14, 37, 51, 18, 52, 58, 39, 23, 16, 54, 17, 8, 28, 2, 49, 35, 15, 43, 48, 25, 10, 5, 59
58: 47, 28, 25, 27, 17, 15, 57, 31, 12, 7, 20, 30, 38, 41, 3, 55, 51, 29, 50, 43, 19, 18, 45, 21, 1, 22, 49, 59, 34, 33, 44
59: 45, 2, 5, 35, 1, 16, 13, 20, 34, 49, 24, 17, 18, 50, 52, 56

Analysis Results :
size: 60, 1416
average_degree: 23.6
top_5_highest_degrees: 29, 30, 30, 31, 31
top_5_lowest_degrees: 16, 17, 17, 17, 19
in_degrees: 24, 27, 22, 20, 26, 21, 25, 28, 23, 28
out_degrees: 29, 30, 30, 31, 31, 16, 17, 17, 17, 19
degree_counts: {25: 6, 27: 6, 26: 4, 23: 8, 21: 8, 17: 3, 31: 2, 24: 8, 30: 2, 29: 1, 20: 2, 22: 6, 28: 1, 19: 2, 16: 1}
in_degree_counts: {24: 1, 27: 1, 22: 1, 20: 1, 26: 1, 21: 1, 25: 1, 28: 2, 23: 1}
out_degree_counts: {29: 1, 30: 2, 31: 2, 16: 1, 17: 3, 19: 1}
graph_is: The graph is cyclic.
sum_of_in_degrees: 244
sum_of_out_degrees: 237
