Random Generated Graph :
0: 7, 16, 4, 11, 1, 13, 5, 19
1: 19, 17, 2, 8, 15, 5, 10, 18
2: 19, 10, 11, 4, 5, 6, 13, 8, 7
3: 7, 15, 9, 16, 4, 14, 11, 18
4: 3, 11, 17, 16, 6, 13, 12
5: 4, 0, 14, 2, 9
6: 19, 11, 8, 5, 16, 17, 0, 14
7: 6, 15, 2, 12, 8
8: 6, 0, 3, 4, 18
9: 10, 14, 16, 11, 1, 6
10: 0, 18, 3, 2, 9, 11, 1, 12
11: 13, 15, 1, 7, 9, 10, 17, 5, 18
12: 4, 3, 18, 6, 15, 7
13: 17, 5, 10, 16, 7, 0, 15, 19, 18
14: 9, 17, 8, 2, 12, 7
15: 13, 8, 6, 18, 16, 11, 3, 1, 5
16: 4, 19, 11, 13, 2, 1, 12, 10, 0, 18, 7
17: 2, 1, 15, 4, 8, 19, 18, 10, 0
18: 10, 2, 15, 11, 12, 8, 17, 9
19: 8, 6, 9, 17, 10, 3, 18, 5

Analysis Results :
size: 20, 152
average_degree: 7.6
top_5_highest_degrees: 9, 9, 9, 9, 11
top_5_lowest_degrees: 5, 5, 5, 6, 6
in_degrees: 10, 6, 8, 8, 7, 8, 8, 9, 7, 6
out_degrees: 9, 9, 9, 9, 11, 5, 5, 5, 6, 6
degree_counts: {8: 7, 9: 5, 7: 1, 5: 3, 6: 3, 11: 1}
in_degree_counts: {10: 1, 6: 2, 8: 4, 7: 2, 9: 1}
out_degree_counts: {9: 4, 11: 1, 5: 3, 6: 2}
graph_is: The graph is cyclic.
sum_of_in_degrees: 77
sum_of_out_degrees: 74
