Random Generated Graph :
0: 15, 18, 5, 7, 13, 1, 2, 14, 17, 11, 4
1: 12, 16, 17, 7, 5, 14, 3, 19, 0, 10
2: 17, 8, 13, 7, 0, 5, 16, 1, 18
3: 6, 0, 18, 1, 15, 17
4: 7, 9, 10, 0, 3, 2, 15, 6
5: 0, 7, 2, 11, 8, 4, 18
6: 15, 11, 12, 19, 0, 3, 16
7: 2, 12, 13, 6, 14, 19, 15
8: 15, 16, 14, 18, 6, 0, 2, 12, 4
9: 8, 3, 7, 5, 10, 12, 14, 11, 4
10: 3, 15, 11, 7, 1, 8, 17, 0
11: 7, 4, 0, 16, 19, 17, 1, 6, 14
12: 13, 10, 7, 16, 18, 17, 19, 0, 2, 5, 4, 15
13: 9, 3, 6, 10, 5, 16
14: 15, 12, 10, 7, 17, 9, 19
15: 18, 0, 7, 2, 5, 17
16: 13, 4, 10
17: 7, 6
18: 8, 19, 14, 5, 6, 13, 0
19: 16, 9, 6, 3, 0, 4, 7, 8, 13

Analysis Results :
size: 20, 152
average_degree: 7.6
top_5_highest_degrees: 9, 9, 10, 11, 12
top_5_lowest_degrees: 2, 3, 6, 6, 6
in_degrees: 5, 7, 5, 13, 6, 9, 8, 7, 7, 9
out_degrees: 9, 9, 10, 11, 12, 2, 3, 6, 6, 6
degree_counts: {11: 1, 10: 1, 9: 5, 6: 3, 8: 2, 7: 5, 12: 1, 3: 1, 2: 1}
in_degree_counts: {5: 2, 7: 3, 13: 1, 6: 1, 9: 2, 8: 1}
out_degree_counts: {9: 2, 10: 1, 11: 1, 12: 1, 2: 1, 3: 1, 6: 3}
graph_is: The graph is cyclic.
sum_of_in_degrees: 76
sum_of_out_degrees: 74
