Random Generated Graph :
0: 3, 14, 1, 11, 6, 19
1: 5, 19, 12, 9, 14, 16
2: 8, 12, 4, 18, 9, 16, 5
3: 19, 15, 1, 0, 4, 14, 8, 5, 11
4: 10, 13, 7, 8, 3, 14, 15
5: 17, 10, 2, 13, 14, 4, 19, 12
6: 3, 1, 8, 7, 5, 18
7: 4, 11, 6, 5, 16, 12, 0
8: 12, 6, 15, 3, 7, 5, 2, 1, 14, 4, 13, 19, 0, 9, 11
9: 15, 12, 4, 13, 16, 18, 10, 17
10: 1, 11, 14, 19, 2, 7, 5, 16
11: 14, 8, 17, 13, 1, 2, 7, 5, 10
12: 16, 19, 13, 3, 6, 18, 0, 11, 5, 15
13: 15, 4, 12, 2, 8, 9
14: 3, 0, 15, 6
15: 14, 12, 19, 13
16: 2, 5, 13, 10, 17, 12, 0, 11
17: 15, 13, 4, 8, 11, 18, 3, 7, 5
18: 6, 16, 8, 3, 4, 19, 11, 0
19: 18, 8, 1, 10, 16, 11, 4

Analysis Results :
size: 20, 152
average_degree: 7.6
top_5_highest_degrees: 9, 9, 9, 10, 15
top_5_lowest_degrees: 4, 4, 6, 6, 6
in_degrees: 8, 10, 4, 9, 9, 9, 8, 7, 7, 6
out_degrees: 9, 9, 9, 10, 15, 4, 4, 6, 6, 6
degree_counts: {6: 4, 7: 4, 9: 3, 8: 5, 15: 1, 10: 1, 4: 2}
in_degree_counts: {8: 2, 10: 1, 4: 1, 9: 3, 7: 2, 6: 1}
out_degree_counts: {9: 3, 10: 1, 15: 1, 4: 2, 6: 3}
graph_is: The graph is cyclic.
sum_of_in_degrees: 77
sum_of_out_degrees: 78
