Random Generated Graph :
0: 2, 8, 1, 16, 15, 7, 4, 10, 14
1: 2, 17, 19, 12, 10, 3, 5, 16, 11, 8, 14, 13, 4
2: 8, 9, 3, 5, 1, 7, 14, 17, 13
3: 8, 18, 0, 17, 16, 13, 1, 5, 9, 14, 11
4: 2, 16, 0, 6, 18, 15, 14
5: 15, 3, 0, 8, 6, 11, 14, 13, 16, 9
6: 9, 2, 15, 13
7: 6, 10, 14, 18
8: 4, 9, 13, 14, 19, 6
9: 13, 18, 7, 0, 8
10: 14, 0, 16, 2, 9, 4, 5, 3
11: 13, 7, 18, 5, 10, 1, 8, 19
12: 1, 16, 5
13: 9, 0, 11, 12, 7, 4, 19, 16, 5
14: 1, 7, 13, 15, 0, 4, 6, 3, 2
15: 6, 14, 13, 2, 8, 0, 9, 11, 1
16: 2, 8, 13, 19, 7, 17, 14, 3, 5
17: 8, 10, 4, 18, 19, 11, 6
18: 15, 14, 0, 17
19: 16, 15, 1, 5, 10, 17, 6, 9

Analysis Results :
size: 20, 152
average_degree: 7.6
top_5_highest_degrees: 9, 9, 10, 11, 13
top_5_lowest_degrees: 3, 4, 4, 4, 5
in_degrees: 7, 9, 9, 6, 8, 2, 8, 7, 6, 9
out_degrees: 9, 9, 10, 11, 13, 3, 4, 4, 4, 5
degree_counts: {9: 6, 13: 1, 11: 1, 7: 2, 10: 1, 4: 3, 6: 1, 5: 1, 8: 3, 3: 1}
in_degree_counts: {7: 2, 9: 3, 6: 2, 8: 2, 2: 1}
out_degree_counts: {9: 2, 10: 1, 11: 1, 13: 1, 3: 1, 4: 3, 5: 1}
graph_is: The graph is cyclic.
sum_of_in_degrees: 71
sum_of_out_degrees: 72
