Random Generated Graph :
0: 19, 13, 3, 6, 15
1: 10, 3, 17, 14
2: 3, 11, 14, 19, 18, 10, 5
3: 16, 19, 9, 5, 0, 12, 13, 1, 14
4: 11, 7, 15, 6, 17, 1, 10, 9, 3
5: 17, 1, 8, 12, 6, 4, 10
6: 3, 13, 10, 16, 14, 19, 18, 17, 12
7: 19, 11, 0, 15, 17, 2, 12, 1
8: 0, 9, 2, 18, 3, 16, 11, 10
9: 19, 10, 7, 13, 15, 18, 17, 2, 0
10: 3, 9, 6, 19, 13, 4, 7, 12
11: 7, 13, 3, 15, 6, 2, 14, 19, 12
12: 13, 4, 9, 1, 16, 6, 5
13: 19, 1, 4, 5, 16, 2, 18, 12, 9, 15
14: 10, 5, 18, 15, 17, 19, 8
15: 19, 13, 9, 7, 16, 0, 3
16: 6, 13, 18, 3, 15, 12, 11
17: 8, 1, 7, 2
18: 1, 19, 8, 11, 2, 13, 15
19: 17, 18, 11, 16, 8, 5, 3, 9, 13, 7, 12

Analysis Results :
size: 20, 152
average_degree: 7.6
top_5_highest_degrees: 9, 9, 9, 10, 11
top_5_lowest_degrees: 4, 4, 5, 7, 7
in_degrees: 7, 8, 7, 11, 12, 8, 8, 5, 7, 6
out_degrees: 9, 9, 9, 10, 11, 4, 4, 5, 7, 7
degree_counts: {5: 1, 4: 2, 7: 7, 9: 5, 8: 3, 10: 1, 11: 1}
in_degree_counts: {7: 3, 8: 3, 11: 1, 12: 1, 5: 1, 6: 1}
out_degree_counts: {9: 3, 10: 1, 11: 1, 4: 2, 5: 1, 7: 2}
graph_is: The graph is cyclic.
sum_of_in_degrees: 79
sum_of_out_degrees: 75
