Random Generated Graph :
0: 16, 7, 17, 5, 8, 4, 19
1: 15, 14, 6, 7, 0, 16, 13, 12
2: 11, 6, 5, 3, 16, 10, 0, 13
3: 12, 9, 5, 17, 18, 16, 11
4: 9, 5, 17, 18, 12, 2, 7, 11
5: 15, 18, 7, 10, 6, 4, 13, 11, 16
6: 9, 5, 14, 16, 17, 15, 18, 0
7: 9, 13, 2, 0, 10, 18, 4, 14, 19, 5
8: 13, 12, 6, 11, 7, 10, 4, 17, 16, 5, 15
9: 11, 17, 16, 8, 5, 2
10: 7, 0, 19, 8, 1, 15, 2, 11
11: 10, 0, 7, 3, 2, 18, 14, 19, 16
12: 10, 5, 6, 14, 19, 4, 3
13: 14, 16, 7, 15, 3
14: 17, 1, 8, 0, 16, 18, 11
15: 6, 0, 18, 17, 5, 8, 4
16: 1, 18, 15, 14, 10, 9, 13
17: 13, 8, 9, 4, 2, 14
18: 3, 11, 7, 10, 4
19: 3, 2, 0, 16, 1, 7, 13, 11, 10

Analysis Results :
size: 20, 152
average_degree: 7.6
top_5_highest_degrees: 9, 9, 9, 10, 11
top_5_lowest_degrees: 5, 5, 6, 6, 7
in_degrees: 10, 10, 5, 10, 6, 8, 9, 6, 8, 9
out_degrees: 9, 9, 9, 10, 11, 5, 5, 6, 6, 7
degree_counts: {7: 6, 8: 5, 9: 3, 10: 1, 11: 1, 6: 2, 5: 2}
in_degree_counts: {10: 3, 5: 1, 6: 2, 8: 2, 9: 2}
out_degree_counts: {9: 3, 10: 1, 11: 1, 5: 2, 6: 2, 7: 1}
graph_is: The graph is cyclic.
sum_of_in_degrees: 81
sum_of_out_degrees: 77
