Random Generated Graph :
0: 5, 19, 7, 1, 15, 12, 9, 6
1: 2, 13, 7, 3, 6, 19, 17
2: 17, 5, 3, 7, 16, 13, 14, 0, 12, 6, 9, 15
3: 16, 5, 6, 19, 17, 9, 14, 11, 0, 13, 15, 1
4: 13, 8, 15, 18, 1, 0, 9, 16, 3
5: 19, 6, 1, 0, 4, 15
6: 5, 11, 15, 9, 4, 13, 8, 19
7: 9, 4, 15, 13, 3, 19, 10
8: 9, 6, 16, 14, 13
9: 11, 3, 7, 15, 14, 8, 13
10: 1, 16, 12, 15, 7
11: 5, 16, 15, 3, 8, 19
12: 11, 2, 1, 16
13: 16, 14, 11, 17, 4, 12, 19, 7, 5
14: 3, 17, 0, 15, 4, 8, 12
15: 3, 8, 14, 6, 11, 16, 12, 0
16: 7, 15, 18, 9, 4, 17, 19, 8
17: 5, 16, 14, 7, 8, 18, 15, 11
18: 10, 16, 19, 14, 17, 2
19: 11, 6, 3, 18, 8, 0, 14, 10, 16, 13

Analysis Results :
size: 20, 152
average_degree: 7.6
top_5_highest_degrees: 9, 9, 10, 12, 12
top_5_lowest_degrees: 4, 5, 5, 6, 6
in_degrees: 6, 9, 10, 3, 9, 6, 9, 3, 7, 8
out_degrees: 9, 9, 10, 12, 12, 4, 5, 5, 6, 6
degree_counts: {8: 5, 7: 4, 12: 2, 9: 2, 6: 3, 5: 2, 4: 1, 10: 1}
in_degree_counts: {6: 2, 9: 3, 10: 1, 3: 2, 7: 1, 8: 1}
out_degree_counts: {9: 2, 10: 1, 12: 2, 4: 1, 5: 2, 6: 2}
graph_is: The graph is cyclic.
sum_of_in_degrees: 70
sum_of_out_degrees: 78
