Random Generated Graph :
0: 18, 4, 13, 15, 5, 9, 2, 3
1: 6, 18, 9, 8, 11, 14, 7, 16
2: 11, 5, 0, 13, 17, 19, 12
3: 13, 7, 12, 15, 10, 16, 4, 2, 18, 6
4: 18, 8, 15, 13, 2, 1, 10, 19, 17
5: 11, 0, 8, 3, 4, 13, 10, 2, 14
6: 15, 18, 11, 8, 16, 10
7: 18, 11, 19, 0, 13, 2, 17
8: 13, 17, 2, 7
9: 12, 18, 14, 11, 3, 13, 2, 10, 1, 17, 6
10: 6, 18, 4, 16, 1, 13, 3, 0
11: 6, 19, 15, 5, 4, 12
12: 2, 14, 7, 10
13: 0, 2, 17, 15, 5, 7, 9, 3, 11, 8
14: 8, 13, 10, 19, 11, 18, 3, 9, 5
15: 18, 2, 9, 5, 19
16: 19, 4, 15, 1
17: 11, 16, 1, 13, 0, 5, 14, 3, 6, 8
18: 2, 11, 5, 14, 15, 8
19: 10, 8, 3, 6, 11, 14, 7, 16, 5, 2, 12

Analysis Results :
size: 20, 152
average_degree: 7.6
top_5_highest_degrees: 10, 10, 10, 11, 11
top_5_lowest_degrees: 4, 4, 4, 5, 6
in_degrees: 8, 11, 6, 5, 7, 9, 5, 6, 8, 7
out_degrees: 10, 10, 10, 11, 11, 4, 4, 4, 5, 6
degree_counts: {8: 3, 7: 2, 10: 3, 9: 3, 6: 3, 4: 3, 11: 2, 5: 1}
in_degree_counts: {8: 2, 11: 1, 6: 2, 5: 2, 7: 2, 9: 1}
out_degree_counts: {10: 3, 11: 2, 4: 3, 5: 1, 6: 1}
graph_is: The graph is cyclic.
sum_of_in_degrees: 72
sum_of_out_degrees: 75
