Random Generated Graph :
0: 2, 4, 13, 3, 9, 10, 18
1: 0, 3, 7, 13, 2, 11, 17, 16
2: 4, 17, 5, 9, 6, 7, 13, 19, 16
3: 6, 8, 15, 9, 18
4: 9, 0, 8, 6, 12, 18, 13, 2
5: 2, 1, 14, 9, 13, 18, 15, 10
6: 15, 5, 9, 7, 14
7: 13, 17, 8, 15, 11, 4, 10
8: 14, 16, 4, 11, 18, 15, 6
9: 0, 15, 3, 2, 17, 11
10: 1, 19, 6, 8, 16, 17, 15
11: 9, 17, 16, 18, 3, 5, 0, 12, 2
12: 5, 6, 4, 18, 14, 15
13: 8, 10, 11, 18, 3, 17, 19, 16, 12
14: 9, 4, 16, 13, 1, 17, 2, 12, 11, 3
15: 10, 6, 7, 18, 13, 11, 0, 1, 17
16: 19, 11, 17, 8, 4, 12, 3
17: 9, 13, 15, 8, 3, 12
18: 3, 1, 2, 4, 13, 6, 12
19: 7, 4, 13, 6, 12, 8, 10, 15, 3, 16, 18, 14

Analysis Results :
size: 20, 152
average_degree: 7.6
top_5_highest_degrees: 9, 9, 9, 10, 12
top_5_lowest_degrees: 5, 5, 6, 6, 6
in_degrees: 8, 11, 10, 5, 4, 10, 9, 9, 8, 10
out_degrees: 9, 9, 9, 10, 12, 5, 5, 6, 6, 6
degree_counts: {7: 6, 8: 3, 9: 4, 5: 2, 6: 3, 10: 1, 12: 1}
in_degree_counts: {8: 2, 11: 1, 10: 3, 5: 1, 4: 1, 9: 2}
out_degree_counts: {9: 3, 10: 1, 12: 1, 5: 2, 6: 3}
graph_is: The graph is cyclic.
sum_of_in_degrees: 84
sum_of_out_degrees: 77
