Random Generated Graph :
0: 11, 6, 13, 16, 7, 14, 8, 15, 17, 10
1: 18, 13, 17, 2, 0, 14, 6, 15
2: 0, 6, 10, 18, 8, 5
3: 2, 0, 10, 8, 15, 6, 9, 18, 11, 12
4: 18, 19, 0, 1, 14
5: 6, 14, 4
6: 2, 17, 18, 10, 3, 9, 5
7: 15, 6, 12, 13, 10
8: 14, 1, 18, 4, 15, 9, 2, 0
9: 2, 8, 13, 4, 11, 6
10: 18, 2, 0, 13, 11, 15, 12, 6
11: 7, 0, 3, 6, 14, 16, 13
12: 19, 8, 14, 15, 13, 17, 11, 9, 5, 10, 6, 0, 4
13: 6, 1, 11, 10, 3, 4
14: 18, 12, 11, 13, 9, 3, 2, 15
15: 11, 12, 10, 6, 1, 18, 5, 13, 3, 14, 17
16: 1, 10, 15, 19, 18
17: 16, 12, 19, 1, 11, 7, 6, 0
18: 1, 2, 12, 0, 11, 15, 14, 8, 7
19: 7, 6, 18, 17, 3, 4, 14, 10, 2

Analysis Results :
size: 20, 152
average_degree: 7.6
top_5_highest_degrees: 9, 10, 10, 11, 13
top_5_lowest_degrees: 3, 5, 5, 5, 6
in_degrees: 4, 10, 6, 10, 7, 4, 6, 5, 3, 9
out_degrees: 9, 10, 10, 11, 13, 3, 5, 5, 5, 6
degree_counts: {10: 2, 8: 5, 6: 3, 5: 3, 3: 1, 7: 2, 13: 1, 11: 1, 9: 2}
in_degree_counts: {4: 2, 10: 2, 6: 2, 7: 1, 5: 1, 3: 1, 9: 1}
out_degree_counts: {9: 1, 10: 2, 11: 1, 13: 1, 3: 1, 5: 3, 6: 1}
graph_is: The graph is cyclic.
sum_of_in_degrees: 64
sum_of_out_degrees: 77
