Random Generated Graph :
0: 15, 7, 4, 19, 9, 16, 5, 3
1: 18, 17, 12, 4, 7, 16, 10
2: 4, 17, 19, 1, 16
3: 16, 10, 0, 11, 7, 5, 8, 18, 12
4: 10, 18, 8, 17, 5, 0, 14, 15
5: 10, 16, 8, 17, 18, 4, 14
6: 16, 7, 12, 15, 18, 9, 4
7: 4, 15, 1, 0, 6, 13
8: 4, 16, 15, 12, 11, 13
9: 6, 10, 8, 3, 0, 17, 19, 5, 7, 12, 4
10: 19, 8, 6, 13, 18, 11, 17, 15, 14, 16
11: 14, 6, 5, 3, 1, 17, 8
12: 11, 18, 4, 19, 17, 9
13: 1, 14, 2, 0, 18, 7, 8
14: 3, 15, 5, 12, 13, 4, 6, 19
15: 10, 7, 12, 19
16: 12, 3, 17, 6, 19, 5, 0, 10
17: 11, 3, 0, 18, 14, 2, 15, 1, 9, 8
18: 19, 13, 17, 10, 12, 5, 15
19: 18, 10, 4, 16, 17, 11, 13, 7, 3, 5, 14

Analysis Results :
size: 20, 152
average_degree: 7.6
top_5_highest_degrees: 9, 10, 10, 11, 11
top_5_lowest_degrees: 4, 5, 6, 6, 6
in_degrees: 7, 9, 11, 4, 9, 9, 2, 8, 8, 9
out_degrees: 9, 10, 10, 11, 11, 4, 5, 6, 6, 6
degree_counts: {8: 4, 7: 6, 5: 1, 9: 1, 6: 3, 11: 2, 10: 2, 4: 1}
in_degree_counts: {7: 1, 9: 4, 11: 1, 4: 1, 2: 1, 8: 2}
out_degree_counts: {9: 1, 10: 2, 11: 2, 4: 1, 5: 1, 6: 3}
graph_is: The graph is cyclic.
sum_of_in_degrees: 76
sum_of_out_degrees: 78
