Random Generated Graph :
0: 6, 5, 16, 8, 10, 3, 14, 11
1: 11, 0, 4, 7, 18, 14, 16, 10
2: 9, 10, 16, 13, 1, 7
3: 5, 16, 17, 1, 12, 2, 8, 6
4: 3, 16, 2, 6, 13, 11
5: 0, 17, 8, 6, 2, 15, 12, 9, 7, 1
6: 10, 19, 13, 17, 15, 14, 16, 8, 3, 18
7: 18, 14, 17, 16, 1, 2, 9, 10, 8, 6
8: 14, 4, 6, 15, 17, 13, 12, 10
9: 10, 3, 11, 14, 2, 7, 6
10: 12, 5, 8, 3, 2, 11, 6, 15, 1, 9, 4
11: 12, 19, 16, 10, 17, 18, 7
12: 10, 2, 5, 15, 17, 11
13: 17, 15, 10, 3, 8, 7, 5
14: 16, 15, 12, 3, 5, 6, 9
15: 17, 19, 8, 10, 7, 1
16: 0, 6, 13, 3, 4, 15, 17
17: 11, 13, 7, 9, 15, 3, 10, 16, 0
18: 8, 13, 0, 17, 1, 15
19: 2, 13, 7, 17, 14

Analysis Results :
size: 20, 152
average_degree: 7.6
top_5_highest_degrees: 9, 10, 10, 10, 11
top_5_lowest_degrees: 5, 6, 6, 6, 6
in_degrees: 12, 6, 10, 9, 12, 3, 8, 4, 6, 10
out_degrees: 9, 10, 10, 10, 11, 5, 6, 6, 6, 6
degree_counts: {8: 4, 6: 5, 10: 3, 7: 5, 11: 1, 9: 1, 5: 1}
in_degree_counts: {12: 2, 6: 2, 10: 2, 9: 1, 3: 1, 8: 1, 4: 1}
out_degree_counts: {9: 1, 10: 3, 11: 1, 5: 1, 6: 4}
graph_is: The graph is cyclic.
sum_of_in_degrees: 80
sum_of_out_degrees: 79
