Random Generated Graph :
0: 4, 6, 18, 10, 13, 11, 8, 19, 3, 17, 5, 16
1: 7, 10, 9, 11, 16, 4, 0, 8
2: 3, 18, 5, 13, 16, 1, 8, 4
3: 9, 5, 12, 1, 11, 19, 8
4: 15, 3, 19, 0, 7, 2, 16, 17, 11, 18, 5
5: 9, 3, 18, 19, 17, 11
6: 8, 11, 4, 16, 5, 17, 7
7: 19, 12, 11
8: 19, 18, 14, 2, 13, 4
9: 16, 12, 7, 11, 2, 8, 19, 3
10: 19, 16, 12, 15, 3, 14, 6, 7, 4, 18
11: 1, 2, 14, 18, 15
12: 17, 5, 2, 13, 7, 3, 9, 11, 19
13: 4, 6, 2, 9, 16
14: 16, 19, 4, 2, 8, 18, 10, 9
15: 0, 19, 3, 14, 13, 10, 9, 7
16: 11, 9, 10, 13, 5, 7
17: 1, 16, 9, 2, 11, 15, 4
18: 19, 4, 8, 1, 5, 13, 2, 16, 3
19: 5, 13, 14, 6, 3, 1, 2, 8, 15

Analysis Results :
size: 20, 152
average_degree: 7.6
top_5_highest_degrees: 9, 9, 10, 11, 12
top_5_lowest_degrees: 3, 5, 5, 6, 6
in_degrees: 8, 12, 5, 10, 3, 8, 11, 8, 9, 9
out_degrees: 9, 9, 10, 11, 12, 3, 5, 5, 6, 6
degree_counts: {12: 1, 8: 5, 7: 3, 11: 1, 6: 3, 3: 1, 10: 1, 5: 2, 9: 3}
in_degree_counts: {8: 3, 12: 1, 5: 1, 10: 1, 3: 1, 11: 1, 9: 2}
out_degree_counts: {9: 2, 10: 1, 11: 1, 12: 1, 3: 1, 5: 2, 6: 2}
graph_is: The graph is cyclic.
sum_of_in_degrees: 83
sum_of_out_degrees: 76
