Random Generated Graph :
0: 2, 17, 14, 8, 6, 1, 18, 13, 12
1: 3, 12, 8, 0, 16, 7, 14, 18, 9
2: 18, 1, 0, 11, 15, 6, 12, 19
3: 9, 8, 2, 1, 15, 5, 14, 13, 6
4: 13, 5, 10, 3, 8, 6
5: 14, 4, 1, 18, 19, 17, 11, 0, 2
6: 13, 12, 5, 14, 15, 18, 17, 10, 7, 1
7: 3, 4, 17, 10, 0, 18
8: 6, 18, 3, 10, 14, 13
9: 12, 8, 6, 13, 16, 7, 11
10: 5, 4, 1, 18, 19, 17, 12, 13, 6
11: 14, 15, 12, 9, 18
12: 9, 16, 2, 5, 0, 4, 6, 17
13: 3, 6, 8, 15, 14
14: 1, 2, 5, 17, 19, 0, 16
15: 4, 9, 14, 18
16: 1, 6, 13, 0, 9, 8, 19, 7, 5
17: 9, 18, 6, 1, 14, 3, 0, 4, 7, 16
18: 0, 9, 19, 1, 17, 4, 15, 10, 11
19: 8, 9, 17, 0, 10, 15, 13

Analysis Results :
size: 20, 152
average_degree: 7.6
top_5_highest_degrees: 9, 9, 9, 10, 10
top_5_lowest_degrees: 4, 5, 5, 6, 6
in_degrees: 6, 5, 11, 11, 9, 7, 4, 9, 7, 5
out_degrees: 9, 9, 9, 10, 10, 4, 5, 5, 6, 6
degree_counts: {9: 7, 8: 2, 6: 3, 10: 2, 7: 3, 5: 2, 4: 1}
in_degree_counts: {6: 1, 5: 2, 11: 2, 9: 2, 7: 2, 4: 1}
out_degree_counts: {9: 3, 10: 2, 4: 1, 5: 2, 6: 2}
graph_is: The graph is cyclic.
sum_of_in_degrees: 74
sum_of_out_degrees: 73
