Random Generated Graph :
0: 3, 9, 13
1: 16, 8, 2, 14, 18, 9, 0
2: 9, 14, 17, 6, 15, 3, 16, 1, 12
3: 14, 4, 9, 2, 17, 12, 15, 5, 0
4: 7, 5, 17, 3, 8, 13
5: 17, 0, 9, 4, 18, 19, 2, 7, 12, 1, 11
6: 16, 9, 1, 12, 2, 14, 4, 5
7: 11, 1, 8, 16, 12, 13, 0, 2, 5
8: 13, 2, 12, 15
9: 10, 7, 11, 13, 5, 16, 6
10: 7, 16, 11, 5, 13, 18, 12, 17, 14
11: 7, 2, 17, 13, 10, 6
12: 13, 4, 3, 7, 2, 10, 16, 11, 0
13: 18, 8, 17, 16, 4, 6, 11, 9
14: 10, 9, 7, 15, 19
15: 14, 10, 2, 19
16: 10, 18, 11, 12, 7, 5, 0, 19, 17
17: 0, 11, 14, 2, 12, 1, 8, 15
18: 1, 14, 10, 15, 6, 16, 9, 19, 13, 4, 0
19: 5, 17, 0, 18, 9, 1, 4, 11, 16, 7

Analysis Results :
size: 20, 152
average_degree: 7.6
top_5_highest_degrees: 9, 9, 10, 11, 11
top_5_lowest_degrees: 3, 4, 4, 5, 6
in_degrees: 9, 10, 5, 8, 6, 9, 5, 6, 8, 7
out_degrees: 9, 9, 10, 11, 11, 3, 4, 4, 5, 6
degree_counts: {3: 1, 7: 2, 9: 6, 6: 2, 11: 2, 8: 3, 4: 2, 5: 1, 10: 1}
in_degree_counts: {9: 2, 10: 1, 5: 2, 8: 2, 6: 2, 7: 1}
out_degree_counts: {9: 2, 10: 1, 11: 2, 3: 1, 4: 2, 5: 1, 6: 1}
graph_is: The graph is cyclic.
sum_of_in_degrees: 73
sum_of_out_degrees: 72
