Random Generated Graph :
0: 14, 17, 6, 9, 11
1: 16, 0, 18, 6, 15
2: 13, 1, 3, 19, 10, 16, 6
3: 18, 16, 9, 10, 17, 6, 1
4: 8, 17, 9, 5, 2, 10, 13, 12, 6
5: 6, 11, 14, 18, 2, 12, 8
6: 11, 8, 12, 16, 7, 5, 4, 18
7: 17, 1, 0, 9, 8, 16, 4, 3, 5
8: 12, 18, 0, 10, 4
9: 19, 14, 7, 6, 15, 18, 0, 17, 3, 13
10: 9, 15, 14, 5, 6, 19
11: 9, 1, 6, 3, 5, 2, 17, 19
12: 5, 19, 17, 9, 1, 0, 8, 7, 13
13: 9, 3, 15, 12, 17, 2, 10, 18
14: 9, 1, 18, 5
15: 11, 7, 3
16: 6, 19, 8, 12, 18, 17, 5, 13, 10, 11, 3, 9, 7
17: 9, 5, 14, 0, 4, 15, 8, 2, 6, 10
18: 16, 11, 10, 13, 15, 3, 6, 0, 1, 7
19: 10, 13, 4, 9, 2, 6, 17, 5, 0

Analysis Results :
size: 20, 152
average_degree: 7.6
top_5_highest_degrees: 9, 10, 10, 10, 13
top_5_lowest_degrees: 3, 4, 5, 5, 5
in_degrees: 6, 12, 10, 9, 6, 6, 5, 8, 7, 7
out_degrees: 9, 10, 10, 10, 13, 3, 4, 5, 5, 5
degree_counts: {5: 3, 7: 3, 9: 4, 8: 3, 10: 3, 6: 1, 4: 1, 3: 1, 13: 1}
in_degree_counts: {6: 3, 12: 1, 10: 1, 9: 1, 5: 1, 8: 1, 7: 2}
out_degree_counts: {9: 1, 10: 3, 13: 1, 3: 1, 4: 1, 5: 3}
graph_is: The graph is cyclic.
sum_of_in_degrees: 76
sum_of_out_degrees: 74
